Original/2014-01-02T11-00-00_SM.asc
ncols           56
nrows           42
xllcorner      512874.53
yllcorner     4576856.50
cellsize           990.0
NODATA_value  -0.9999900E+04
[rows 0 to 21 of 42, columns 0 to 48 of 56]
-0.9999900E+04 -0.9999900E+04 -0.9999900E+04 -0.9999900E+04 -0.9999900E+04 -0.9999900E+04 -0.9999900E+04 -0.9999900E+04 -0.9999900E+04 -0.9999900E+04 -0.9999900E+04 -0.9999900E+04 -0.9999900E+04 -0.9999900E+04 -0.9999900E+04 -0.9999900E+04 -0.9999900E+04 -0.9999900E+04 -0.9999900E+04 -0.9999900E+04 -0.9999900E+04 -0.9999900E+04 -0.9999900E+04 -0.9999900E+04 -0.9999900E+04 -0.9999900E+04 -0.9999900E+04 -0.9999900E+04 0.3079846E+00 0.0000000E+00 -0.9999900E+04 -0.9999900E+04 -0.9999900E+04 -0.9999900E+04 -0.9999900E+04 -0.9999900E+04 -0.9999900E+04 -0.9999900E+04 -0.9999900E+04 -0.9999900E+04 -0.9999900E+04 -0.9999900E+04 -0.9999900E+04 -0.9999900E+04 -0.9999900E+04 -0.9999900E+04 -0.9999900E+04 -0.9999900E+04 -0.9999900E+04
-0.9999900E+04 -0.9999900E+04 -0.9999900E+04 -0.9999900E+04 -0.9999900E+04 -0.9999900E+04 -0.9999900E+04 -0.9999900E+04 -0.9999900E+04 -0.9999900E+04 -0.9999900E+04 -0.9999900E+04 -0.9999900E+04 -0.9999900E+04 -0.9999900E+04 -0.9999900E+04 -0.9999900E+04 -0.9999900E+04 -0.9999900E+04 -0.9999900E+04 -0.9999900E+04 -0.9999900E+04 -0.9999900E+04 -0.9999900E+04 -0.9999900E+04 -0.9999900E+04 0.3077646E+00 0.3081018E+00 0.3080502E+00 0.2968821E+00 0.3036670E+00 -0.9999900E+04 -0.9999900E+04 -0.9999900E+04 -0.9999900E+04 -0.9999900E+04 -0.9999900E+04 -0.9999900E+04 -0.9999900E+04 -0.9999900E+04 -0.9999900E+04 -0.9999900E+04 -0.9999900E+04 -0.9999900E+04 -0.9999900E+04 -0.9999900E+04 -0.9999900E+04 -0.9999900E+04 -0.9999900E+04
-0.9999900E+04 -0.9999900E+04 -0.9999900E+04 -0.9999900E+04 -0.9999900E+04 -0.9999900E+04 -0.9999900E+04 -0.9999900E+04 -0.9999900E+04 0.0000000E+00 -0.9999900E+04 -0.9999900E+04 -0.9999900E+04 -0.9999900E+04 -0.9999900E+04 -0.9999900E+04 -0.9999900E+04 -0.9999900E+04 -0.9999900E+04 -0.9999900E+04 -0.9999900E+04 -0.9999900E+04 -0.9999900E+04 -0.9999900E+04 -0.9999900E+04 -0.9999900E+04 0.3081114E+00 0.3080810E+00 0.3079272E+00 0.3062389E+00 0.2887054E+00 -0.9999900E+04 -0.9999900E+04 -0.9999900E+04 -0.9999900E+04 -0.9999900E+04 -0.9999900E+04 -0.9999900E+04 -0.9999900E+04 -0.9999900E+04 -0.9999900E+04 -0.9999900E+04 -0.9999900E+04 -0.9999900E+04 -0.9999900E+04 -0.9999900E+04 -0.9999900E+04 -0.9999900E+04 -0.9999900E+04
-0.9999900E+04 -0.9999900E+04 -0.9999900E+04 0.0000000E+00 0.2787203E+00 0.2771037E+00 0.2727094E+00 -0.9999900E+04 -0.9999900E+04 0.3075562E+00 0.3000890E+00 0.2376106E+00 -0.9999900E+04 -0.9999900E+04 -0.9999900E+04 -0.9999900E+04 -0.9999900E+04 -0.9999900E+04 -0.9999900E+04 -0.9999900E+04 -0.9999900E+04 -0.9999900E+04 -0.9999900E+04 -0.9999900E+04 -0.9999900E+04 -0.9999900E+04 0.3080990E+00 0.3081376E+00 0.3081003E+00 0.3080139E+00 0.3043670E+00 0.0000000E+00 -0.9999900E+04 -0.9999900E+04 -0.9999900E+04 -0.9999900E+04 -0.9999900E+04 -0.9999900E+04 -0.9999900E+04 -0.9999900E+04 -0.9999900E+04 -0.9999900E+04 -0.9999900E+04 -0.9999900E+04 -0.9999900E+04 -0.9999900E+04 -0.9999900E+04 -0.9999900E+04 -0.9999900E+04
-0.9999900E+04 -0.9999900E+04 0.2859484E+00 0.2785606E+00 0.2834673E+00 0.2789893E+00 0.2784961E+00 -0.9999900E+04 -0.9999900E+04 0.3077097E+00 0.3080156E+00 0.3021548E+00 0.2661643E+00 -0.9999900E+04 -0.9999900E+04 -0.9999900E+04 -0.9999900E+04 -0.9999900E+04 -0.9999900E+04 -0.9999900E+04 -0.9999900E+04 -0.9999900E+04 -0.9999900E+04 -0.9999900E+04 -0.9999900E+04 -0.9999900E+04 0.3025388E+00 0.3080909E+00 0.3081492E+00 0.3081153E+00 0.3034750E+00 0.2869801E+00 0.2820601E+00 -0.9999900E+04 -0.9999900E+04 -0.9999900E+04 -0.9999900E+04 -0.9999900E+04 -0.9999900E+04 -0.9999900E+04 -0.9999900E+04 -0.9999900E+04 -0.9999900E+04 -0.9999900E+04 -0.9999900E+04 -0.9999900E+04 -0.9999900E+04 -0.9999900E+04 -0.9999900E+04
-0.9999900E+04 0.2982125E+00 0.3057302E+00 0.2990167E+00 0.2782243E+00 -0.9999900E+04 -0.9999900E+04 -0.9999900E+04 0.2976047E+00 0.3080909E+00 0.3080827E+00 0.3080602E+00 0.3081048E+00 0.3058655E+00 -0.9999900E+04 -0.9999900E+04 -0.9999900E+04 -0.9999900E+04 -0.9999900E+04 -0.9999900E+04 -0.9999900E+04 -0.9999900E+04 -0.9999900E+04 -0.9999900E+04 0.2461916E+00 0.2441049E+00 0.2842405E+00 0.3081077E+00 0.3081087E+00 0.3081241E+00 0.3079475E+00 0.3077080E+00 0.3004212E+00 0.0000000E+00 0.3032396E+00 -0.9999900E+04 -0.9999900E+04 -0.9999900E+04 -0.9999900E+04 -0.9999900E+04 -0.9999900E+04 -0.9999900E+04 -0.9999900E+04 -0.9999900E+04 -0.9999900E+04 -0.9999900E+04 -0.9999900E+04 -0.9999900E+04 -0.9999900E+04
0.3003699E+00 0.3054943E+00 0.3076641E+00 0.3055162E+00 0.2780313E+00 0.2790392E+00 -0.9999900E+04 0.2753926E+00 0.2820224E+00 0.3081242E+00 0.3080254E+00 0.3080565E+00 0.3081103E+00 0.2842667E+00 0.2652786E+00 0.2802331E+00 -0.9999900E+04 -0.9999900E+04 -0.9999900E+04 -0.9999900E+04 -0.9999900E+04 -0.9999900E+04 -0.9999900E+04 0.2414781E+00 0.2405701E+00 0.2590261E+00 0.3035871E+00 0.3080528E+00 0.3080794E+00 0.3080816E+00 0.3080791E+00 0.3080785E+00 0.3079783E+00 0.2954078E+00 0.2800709E+00 0.0000000E+00 0.2959816E+00 -0.9999900E+04 -0.9999900E+04 -0.9999900E+04 -0.9999900E+04 -0.9999900E+04 -0.9999900E+04 -0.9999900E+04 -0.9999900E+04 -0.9999900E+04 -0.9999900E+04 -0.9999900E+04 -0.9999900E+04
0.3074620E+00 0.3080555E+00 0.3076534E+00 0.2863861E+00 0.2776781E+00 0.2785668E+00 0.2853105E+00 0.2760436E+00 0.2774799E+00 0.3065601E+00 0.3079586E+00 0.3079588E+00 0.3081101E+00 0.2704767E+00 0.2428839E+00 0.2415484E+00 -0.9999900E+04 -0.9999900E+04 -0.9999900E+04 -0.9999900E+04 -0.9999900E+04 -0.9999900E+04 0.2424200E+00 0.2390348E+00 0.2391965E+00 0.2485235E+00 0.2855525E+00 0.3070751E+00 0.3080889E+00 0.3080820E+00 0.3070857E+00 0.3025544E+00 0.2996313E+00 0.2899987E+00 0.2838210E+00 0.2830372E+00 0.2866845E+00 0.2915421E+00 -0.9999900E+04 -0.9999900E+04 -0.9999900E+04 -0.9999900E+04 -0.9999900E+04 -0.9999900E+04 -0.9999900E+04 -0.9999900E+04 -0.9999900E+04 -0.9999900E+04 -0.9999900E+04
-0.9999900E+04 0.3081276E+00 0.3046809E+00 0.2809899E+00 0.2868674E+00 0.2892996E+00 0.2911174E+00 0.2992895E+00 0.3027111E+00 0.3076954E+00 0.3081083E+00 0.3081327E+00 0.3080993E+00 0.3064912E+00 0.2963034E+00 0.3000258E+00 0.3069833E+00 0.3047651E+00 0.2819510E+00 -0.9999900E+04 -0.9999900E+04 0.2413444E+00 0.2440299E+00 0.2392024E+00 0.2378544E+00 0.2405763E+00 0.2457808E+00 0.3062398E+00 0.3068167E+00 0.2995394E+00 0.2979046E+00 0.3033811E+00 0.2843955E+00 0.3052371E+00 0.3059299E+00 0.3023706E+00 0.3071991E+00 0.2895245E+00 0.0000000E+00 -0.9999900E+04 -0.9999900E+04 -0.9999900E+04 -0.9999900E+04 -0.9999900E+04 -0.9999900E+04 -0.9999900E+04 -0.9999900E+04 -0.9999900E+04 -0.9999900E+04
-0.9999900E+04 -0.9999900E+04 0.2925490E+00 0.2980028E+00 0.2967510E+00 0.3006390E+00 0.3065604E+00 0.2937436E+00 0.3005907E+00 0.2871675E+00 0.3003483E+00 0.3080550E+00 0.3081483E+00 0.3081416E+00 0.3081112E+00 0.3077696E+00 0.3077704E+00 0.3080241E+00 0.3079130E+00 -0.9999900E+04 -0.9999900E+04 0.2382322E+00 0.2431738E+00 0.2378055E+00 0.2547665E+00 0.2894472E+00 0.3053568E+00 0.3051525E+00 0.2845447E+00 0.2833976E+00 0.3048138E+00 0.2962355E+00 0.3037439E+00 0.3079932E+00 0.3080867E+00 0.3079379E+00 0.3080078E+00 0.3074370E+00 0.2873682E+00 0.0000000E+00 0.0000000E+00 -0.9999900E+04 -0.9999900E+04 -0.9999900E+04 -0.9999900E+04 -0.9999900E+04 -0.9999900E+04 -0.9999900E+04 -0.9999900E+04
-0.9999900E+04 0.2842349E+00 0.3048014E+00 0.3080719E+00 0.2995102E+00 0.2961538E+00 0.2964766E+00 0.2902920E+00 0.2991527E+00 0.2867731E+00 0.3079606E+00 0.3081279E+00 0.3076451E+00 0.3078781E+00 0.3072518E+00 0.3070944E+00 0.3078606E+00 0.3081535E+00 0.3081613E+00 0.3063248E+00 0.2563595E+00 0.2395563E+00 0.2415586E+00 0.2949797E+00 0.3080489E+00 0.3080844E+00 0.3081212E+00 0.3046274E+00 0.2858313E+00 0.3036354E+00 0.3065416E+00 0.3077647E+00 0.3080562E+00 0.3080336E+00 0.3081106E+00 0.3080464E+00 0.3078522E+00 0.3079312E+00 0.3041215E+00 0.2796053E+00 0.2813374E+00 0.2958558E+00 -0.9999900E+04 -0.9999900E+04 -0.9999900E+04 -0.9999900E+04 -0.9999900E+04 -0.9999900E+04 -0.9999900E+04
-0.9999900E+04 0.2994976E+00 0.3031417E+00 0.2983575E+00 0.2974190E+00 0.2986175E+00 0.3009866E+00 0.2968731E+00 0.2945092E+00 0.2996199E+00 0.2969930E+00 0.2999878E+00 0.2994866E+00 0.3076395E+00 0.3073243E+00 0.3073123E+00 0.3079735E+00 0.3081518E+00 0.3081486E+00 0.3081494E+00 0.2987605E+00 0.2643989E+00 0.2419750E+00 0.2551840E+00 0.3080536E+00 0.3080905E+00 0.3081397E+00 0.3080871E+00 0.3080909E+00 0.3081417E+00 0.3080517E+00 0.3080973E+00 0.3081167E+00 0.3080694E+00 0.3080713E+00 0.3081475E+00 0.3067183E+00 0.2977560E+00 0.2977692E+00 0.2818041E+00 0.2840574E+00 0.2825849E+00 0.2813917E+00 0.3014711E+00 -0.9999900E+04 -0.9999900E+04 -0.9999900E+04 -0.9999900E+04 -0.9999900E+04
-0.9999900E+04 -0.9999900E+04 0.3057359E+00 0.3047392E+00 0.3057699E+00 0.3080703E+00 0.3080685E+00 0.3080679E+00 0.2908300E+00 0.2909891E+00 0.3009911E+00 -0.9999900E+04 0.3072808E+00 0.3074340E+00 0.3073650E+00 0.3077530E+00 0.3080412E+00 0.3081185E+00 0.3081205E+00 0.3081487E+00 0.3081400E+00 0.3081197E+00 0.3016096E+00 0.3022892E+00 0.3072666E+00 0.3076691E+00 0.3081343E+00 0.3081130E+00 0.3080443E+00 0.3080520E+00 0.3079921E+00 0.3081031E+00 0.3081375E+00 0.3080669E+00 0.3080876E+00 0.3014916E+00 0.3012362E+00 0.2850637E+00 0.2821178E+00 0.2996987E+00 0.3072475E+00 0.3054919E+00 0.2871146E+00 0.2791601E+00 0.2771572E+00 0.2843535E+00 0.2938143E+00 -0.9999900E+04 -0.9999900E+04
-0.9999900E+04 -0.9999900E+04 -0.9999900E+04 0.2936977E+00 0.3079543E+00 0.3080633E+00 0.3080940E+00 0.3046683E+00 0.2794574E+00 0.2955875E+00 0.3074720E+00 0.3073507E+00 0.3074448E+00 0.3074732E+00 0.3078717E+00 0.3081007E+00 0.3080392E+00 0.3080517E+00 0.3080156E+00 0.3081296E+00 0.3081331E+00 0.3080916E+00 0.3077359E+00 0.2817384E+00 0.2452158E+00 0.2978230E+00 0.3080883E+00 0.3080406E+00 0.3080652E+00 0.3079951E+00 0.3080812E+00 0.3081315E+00 0.3080806E+00 0.3080813E+00 0.3081213E+00 0.2984509E+00 0.2790375E+00 0.2815381E+00 0.2979594E+00 0.3075827E+00 0.3075431E+00 0.3074185E+00 0.3043770E+00 0.2939378E+00 0.2791910E+00 0.2794645E+00 0.2791491E+00 0.2806883E+00 -0.9999900E+04
-0.9999900E+04 -0.9999900E+04 -0.9999900E+04 0.3078170E+00 0.3074895E+00 0.3080828E+00 0.3080546E+00 0.2946585E+00 0.2937984E+00 0.3072854E+00 0.3075783E+00 0.3063759E+00 0.2984855E+00 0.2963163E+00 0.2978620E+00 0.3070131E+00 0.3080227E+00 0.3080531E+00 0.3080641E+00 0.3081206E+00 0.3081389E+00 0.3060287E+00 0.2686777E+00 0.2440393E+00 0.2470177E+00 0.2499435E+00 0.3065091E+00 0.3080727E+00 0.3078867E+00 0.3080415E+00 0.3080781E+00 0.3081476E+00 0.3080965E+00 0.3081247E+00 0.2933145E+00 0.2822883E+00 0.2826483E+00 0.3019506E+00 0.3076456E+00 0.3076239E+00 0.3038913E+00 0.2937108E+00 0.2880875E+00 0.2971574E+00 0.3011577E+00 0.3005742E+00 0.2946277E+00 0.2809917E+00 0.0000000E+00
-0.9999900E+04 -0.9999900E+04 -0.9999900E+04 -0.9999900E+04 0.3014893E+00 0.3081303E+00 0.3081201E+00 0.3079922E+00 0.3075605E+00 0.3076349E+00 0.3033432E+00 0.2827456E+00 0.2896255E+00 0.2988625E+00 0.2980622E+00 0.2738381E+00 0.2947246E+00 0.3081241E+00 0.3080879E+00 0.3080978E+00 0.3064331E+00 0.2606783E+00 0.2469368E+00 0.2474165E+00 0.2473723E+00 0.2588778E+00 0.3081480E+00 0.3081307E+00 0.3080865E+00 0.3076281E+00 0.3049578E+00 0.2926748E+00 0.2906932E+00 0.2892626E+00 0.2808126E+00 0.2926075E+00 0.3067840E+00 0.3031838E+00 0.2958623E+00 0.2841817E+00 0.2873474E+00 0.2880544E+00 0.2773833E+00 0.2884410E+00 0.2849536E+00 0.2639109E+00 0.2516725E+00 0.2886955E+00 0.0000000E+00
-0.9999900E+04 -0.9999900E+04 -0.9999900E+04 -0.9999900E+04 -0.9999900E+04 -0.9999900E+04 -0.9999900E+04 0.3012298E+00 0.2979760E+00 0.3008329E+00 0.2953555E+00 0.3037635E+00 -0.9999900E+04 0.3079341E+00 0.3079758E+00 0.3044122E+00 0.2806359E+00 0.2752845E+00 0.2903800E+00 0.3081555E+00 0.2966907E+00 0.2458686E+00 0.2410533E+00 0.2409628E+00 0.2532531E+00 0.2961243E+00 0.3006809E+00 0.2885927E+00 0.2824521E+00 0.2799371E+00 0.2859894E+00 0.2845234E+00 0.2877598E+00 0.2978468E+00 0.2984404E+00 0.2993132E+00 0.2948731E+00 0.2881545E+00 0.2871324E+00 0.2792685E+00 0.2490497E+00 0.2469043E+00 0.2465625E+00 0.2467615E+00 0.2467250E+00 0.2468119E+00 0.2449382E+00 0.2811090E+00 0.2864914E+00
-0.9999900E+04 -0.9999900E+04 -0.9999900E+04 -0.9999900E+04 -0.9999900E+04 -0.9999900E+04 -0.9999900E+04 -0.9999900E+04 -0.9999900E+04 -0.9999900E+04 0.3061172E+00 0.3075624E+00 0.3080806E+00 0.3080300E+00 0.3080115E+00 0.3080163E+00 0.3081239E+00 0.3081226E+00 0.3062218E+00 0.3081304E+00 0.3080464E+00 0.2721840E+00 0.2632037E+00 0.3024953E+00 0.3081447E+00 0.3030090E+00 0.2868292E+00 0.2874708E+00 0.2896283E+00 0.2929177E+00 0.3080826E+00 0.3079942E+00 0.3057184E+00 0.2981625E+00 0.3051429E+00 0.2974444E+00 0.2943416E+00 0.2831910E+00 0.2435902E+00 0.2444775E+00 0.2461225E+00 0.2468098E+00 0.2444692E+00 0.2440482E+00 0.2438165E+00 0.2456898E+00 0.2384720E+00 0.2447945E+00 0.2660693E+00
-0.9999900E+04 -0.9999900E+04 -0.9999900E+04 -0.9999900E+04 -0.9999900E+04 -0.9999900E+04 -0.9999900E+04 -0.9999900E+04 -0.9999900E+04 -0.9999900E+04 0.3074341E+00 0.3080901E+00 0.3081176E+00 0.3081139E+00 0.3080961E+00 0.3080998E+00 0.3081329E+00 0.3081460E+00 0.3081417E+00 0.3081445E+00 0.3081087E+00 0.3076188E+00 0.3078866E+00 0.3081191E+00 0.3081187E+00 0.3080873E+00 0.3080974E+00 0.3079542E+00 0.2868085E+00 0.3029381E+00 0.3080961E+00 0.3025412E+00 0.2928173E+00 0.3066331E+00 0.3074788E+00 0.2892637E+00 0.2810028E+00 0.2999092E+00 0.2681030E+00 0.2423860E+00 0.2490622E+00 0.2470663E+00 0.2458860E+00 0.2439951E+00 0.2365695E+00 0.2312492E+00 0.2007495E+00 0.1824900E+00 0.2388998E+00
-0.9999900E+04 -0.9999900E+04 -0.9999900E+04 -0.9999900E+04 -0.9999900E+04 -0.9999900E+04 -0.9999900E+04 -0.9999900E+04 -0.9999900E+04 -0.9999900E+04 -0.9999900E+04 0.3081211E+00 0.3081187E+00 0.3081088E+00 0.3081042E+00 0.3080636E+00 0.3081295E+00 0.3081514E+00 0.3080985E+00 0.3081085E+00 0.3081205E+00 0.3080962E+00 0.3081255E+00 0.3081152E+00 0.3081319E+00 0.3081332E+00 0.3081109E+00 0.3036439E+00 0.2939486E+00 0.3081119E+00 0.3044394E+00 0.3042789E+00 0.3076342E+00 0.3061859E+00 0.2894493E+00 0.2726655E+00 0.2526498E+00 0.3074212E+00 0.3057121E+00 0.2431222E+00 0.2448053E+00 0.2745016E+00 0.2795722E+00 0.2476099E+00 0.2385785E+00 -0.9999900E+04 -0.9999900E+04 -0.9999900E+04 0.2462914E+00
-0.9999900E+04 -0.9999900E+04 -0.9999900E+04 -0.9999900E+04 -0.9999900E+04 -0.9999900E+04 -0.9999900E+04 -0.9999900E+04 -0.9999900E+04 -0.9999900E+04 0.3080713E+00 0.3081186E+00 0.3080847E+00 0.3081056E+00 0.3081391E+00 0.3081539E+00 0.3081135E+00 0.3080997E+00 0.3036835E+00 0.3070483E+00 0.3080441E+00 0.3081202E+00 0.3081070E+00 0.3080218E+00 0.3081305E+00 0.3081325E+00 0.3081502E+00 0.3081283E+00 0.3081176E+00 0.3080404E+00 0.3080581E+00 0.3080061E+00 0.2973021E+00 0.2871586E+00 0.2641372E+00 0.2446345E+00 0.2437244E+00 0.2869622E+00 0.3071582E+00 0.3039221E+00 0.2955166E+00 0.3069380E+00 0.3074859E+00 0.2985801E+00 0.2793415E+00 0.2627024E+00 0.2386156E+00 0.2438282E+00 0.2469580E+00
-0.9999900E+04 -0.9999900E+04 -0.9999900E+04 -0.9999900E+04 -0.9999900E+04 -0.9999900E+04 -0.9999900E+04 -0.9999900E+04 -0.9999900E+04 -0.9999900E+04 0.3079842E+00 0.3080859E+00 0.3081327E+00 0.3080742E+00 0.3081137E+00 0.3022844E+00 0.2954855E+00 0.2944972E+00 0.3037509E+00 0.3080293E+00 0.3080204E+00 0.3080817E+00 0.3080734E+00 0.3081055E+00 0.3081311E+00 0.3081309E+00 0.3081392E+00 0.3081494E+00 0.3081366E+00 0.3080443E+00 0.3080984E+00 0.3043543E+00 0.2953794E+00 0.2867278E+00 0.2785857E+00 0.2446782E+00 0.2370434E+00 0.2655460E+00 0.3065131E+00 0.3065925E+00 0.2981041E+00 0.2946197E+00 0.2963855E+00 0.3008183E+00 0.3023404E+00 0.3010966E+00 0.2783977E+00 0.2493329E+00 0.2477393E+00
