Original/2014-01-01T11-00-00_SM.asc
ncols           56
nrows           42
xllcorner      512874.53
yllcorner     4576856.50
cellsize           990.0
NODATA_value  -0.9999900E+04
[rows 0 to 21 of 42, columns 0 to 48 of 56]
-0.9999900E+04 -0.9999900E+04 -0.9999900E+04 -0.9999900E+04 -0.9999900E+04 -0.9999900E+04 -0.9999900E+04 -0.9999900E+04 -0.9999900E+04 -0.9999900E+04 -0.9999900E+04 -0.9999900E+04 -0.9999900E+04 -0.9999900E+04 -0.9999900E+04 -0.9999900E+04 -0.9999900E+04 -0.9999900E+04 -0.9999900E+04 -0.9999900E+04 -0.9999900E+04 -0.9999900E+04 -0.9999900E+04 -0.9999900E+04 -0.9999900E+04 -0.9999900E+04 -0.9999900E+04 -0.9999900E+04 0.3083518E+00 0.0000000E+00 -0.9999900E+04 -0.9999900E+04 -0.9999900E+04 -0.9999900E+04 -0.9999900E+04 -0.9999900E+04 -0.9999900E+04 -0.9999900E+04 -0.9999900E+04 -0.9999900E+04 -0.9999900E+04 -0.9999900E+04 -0.9999900E+04 -0.9999900E+04 -0.9999900E+04 -0.9999900E+04 -0.9999900E+04 -0.9999900E+04 -0.9999900E+04
-0.9999900E+04 -0.9999900E+04 -0.9999900E+04 -0.9999900E+04 -0.9999900E+04 -0.9999900E+04 -0.9999900E+04 -0.9999900E+04 -0.9999900E+04 -0.9999900E+04 -0.9999900E+04 -0.9999900E+04 -0.9999900E+04 -0.9999900E+04 -0.9999900E+04 -0.9999900E+04 -0.9999900E+04 -0.9999900E+04 -0.9999900E+04 -0.9999900E+04 -0.9999900E+04 -0.9999900E+04 -0.9999900E+04 -0.9999900E+04 -0.9999900E+04 -0.9999900E+04 0.3083414E+00 0.3083544E+00 0.3083478E+00 0.2986535E+00 0.3045560E+00 -0.9999900E+04 -0.9999900E+04 -0.9999900E+04 -0.9999900E+04 -0.9999900E+04 -0.9999900E+04 -0.9999900E+04 -0.9999900E+04 -0.9999900E+04 -0.9999900E+04 -0.9999900E+04 -0.9999900E+04 -0.9999900E+04 -0.9999900E+04 -0.9999900E+04 -0.9999900E+04 -0.9999900E+04 -0.9999900E+04
-0.9999900E+04 -0.9999900E+04 -0.9999900E+04 -0.9999900E+04 -0.9999900E+04 -0.9999900E+04 -0.9999900E+04 -0.9999900E+04 -0.9999900E+04 0.0000000E+00 -0.9999900E+04 -0.9999900E+04 -0.9999900E+04 -0.9999900E+04 -0.9999900E+04 -0.9999900E+04 -0.9999900E+04 -0.9999900E+04 -0.9999900E+04 -0.9999900E+04 -0.9999900E+04 -0.9999900E+04 -0.9999900E+04 -0.9999900E+04 -0.9999900E+04 -0.9999900E+04 0.3083511E+00 0.3083434E+00 0.3083323E+00 0.3067199E+00 0.2922120E+00 -0.9999900E+04 -0.9999900E+04 -0.9999900E+04 -0.9999900E+04 -0.9999900E+04 -0.9999900E+04 -0.9999900E+04 -0.9999900E+04 -0.9999900E+04 -0.9999900E+04 -0.9999900E+04 -0.9999900E+04 -0.9999900E+04 -0.9999900E+04 -0.9999900E+04 -0.9999900E+04 -0.9999900E+04 -0.9999900E+04
-0.9999900E+04 -0.9999900E+04 -0.9999900E+04 0.0000000E+00 0.2849452E+00 0.2843948E+00 0.2821141E+00 -0.9999900E+04 -0.9999900E+04 0.3082989E+00 0.3024480E+00 0.2597767E+00 -0.9999900E+04 -0.9999900E+04 -0.9999900E+04 -0.9999900E+04 -0.9999900E+04 -0.9999900E+04 -0.9999900E+04 -0.9999900E+04 -0.9999900E+04 -0.9999900E+04 -0.9999900E+04 -0.9999900E+04 -0.9999900E+04 -0.9999900E+04 0.3083440E+00 0.3083500E+00 0.3083467E+00 0.3083426E+00 0.3051046E+00 0.0000000E+00 -0.9999900E+04 -0.9999900E+04 -0.9999900E+04 -0.9999900E+04 -0.9999900E+04 -0.9999900E+04 -0.9999900E+04 -0.9999900E+04 -0.9999900E+04 -0.9999900E+04 -0.9999900E+04 -0.9999900E+04 -0.9999900E+04 -0.9999900E+04 -0.9999900E+04 -0.9999900E+04 -0.9999900E+04
-0.9999900E+04 -0.9999900E+04 0.2905268E+00 0.2853593E+00 0.2882905E+00 0.2851415E+00 0.2850736E+00 -0.9999900E+04 -0.9999900E+04 0.3083234E+00 0.3083360E+00 0.3037394E+00 0.2792202E+00 -0.9999900E+04 -0.9999900E+04 -0.9999900E+04 -0.9999900E+04 -0.9999900E+04 -0.9999900E+04 -0.9999900E+04 -0.9999900E+04 -0.9999900E+04 -0.9999900E+04 -0.9999900E+04 -0.9999900E+04 -0.9999900E+04 0.3038916E+00 0.3083419E+00 0.3083509E+00 0.3083510E+00 0.3042853E+00 0.2910625E+00 0.2875645E+00 -0.9999900E+04 -0.9999900E+04 -0.9999900E+04 -0.9999900E+04 -0.9999900E+04 -0.9999900E+04 -0.9999900E+04 -0.9999900E+04 -0.9999900E+04 -0.9999900E+04 -0.9999900E+04 -0.9999900E+04 -0.9999900E+04 -0.9999900E+04 -0.9999900E+04 -0.9999900E+04
-0.9999900E+04 0.2999102E+00 0.3064387E+00 0.3009588E+00 0.2849378E+00 -0.9999900E+04 -0.9999900E+04 -0.9999900E+04 0.2996053E+00 0.3083435E+00 0.3083381E+00 0.3083341E+00 0.3083430E+00 0.3064712E+00 -0.9999900E+04 -0.9999900E+04 -0.9999900E+04 -0.9999900E+04 -0.9999900E+04 -0.9999900E+04 -0.9999900E+04 -0.9999900E+04 -0.9999900E+04 -0.9999900E+04 0.2637389E+00 0.2626064E+00 0.2905413E+00 0.3083454E+00 0.3083461E+00 0.3083495E+00 0.3082644E+00 0.3081965E+00 0.3017177E+00 0.0000000E+00 0.3042416E+00 -0.9999900E+04 -0.9999900E+04 -0.9999900E+04 -0.9999900E+04 -0.9999900E+04 -0.9999900E+04 -0.9999900E+04 -0.9999900E+04 -0.9999900E+04 -0.9999900E+04 -0.9999900E+04 -0.9999900E+04 -0.9999900E+04 -0.9999900E+04
0.3020710E+00 0.3062541E+00 0.3083054E+00 0.3063166E+00 0.2848431E+00 0.2851100E+00 -0.9999900E+04 0.2836141E+00 0.2876087E+00 0.3083459E+00 0.3083272E+00 0.3083335E+00 0.3083442E+00 0.2900083E+00 0.2769305E+00 0.2871380E+00 -0.9999900E+04 -0.9999900E+04 -0.9999900E+04 -0.9999900E+04 -0.9999900E+04 -0.9999900E+04 -0.9999900E+04 0.2611192E+00 0.2605696E+00 0.2735128E+00 0.3045348E+00 0.3083377E+00 0.3083439E+00 0.3083440E+00 0.3083439E+00 0.3083493E+00 0.3083417E+00 0.2973936E+00 0.2855002E+00 0.0000000E+00 0.2982101E+00 -0.9999900E+04 -0.9999900E+04 -0.9999900E+04 -0.9999900E+04 -0.9999900E+04 -0.9999900E+04 -0.9999900E+04 -0.9999900E+04 -0.9999900E+04 -0.9999900E+04 -0.9999900E+04 -0.9999900E+04
0.3077855E+00 0.3083409E+00 0.3079756E+00 0.2905017E+00 0.2846096E+00 0.2849900E+00 0.2899871E+00 0.2838639E+00 0.2848172E+00 0.3070565E+00 0.3083147E+00 0.3083149E+00 0.3083437E+00 0.2809955E+00 0.2618906E+00 0.2612817E+00 -0.9999900E+04 -0.9999900E+04 -0.9999900E+04 -0.9999900E+04 -0.9999900E+04 -0.9999900E+04 0.2616464E+00 0.2596510E+00 0.2597473E+00 0.2660961E+00 0.2918931E+00 0.3075841E+00 0.3083436E+00 0.3083436E+00 0.3074954E+00 0.3033421E+00 0.3011535E+00 0.2931285E+00 0.2886899E+00 0.2878141E+00 0.2906838E+00 0.2949441E+00 -0.9999900E+04 -0.9999900E+04 -0.9999900E+04 -0.9999900E+04 -0.9999900E+04 -0.9999900E+04 -0.9999900E+04 -0.9999900E+04 -0.9999900E+04 -0.9999900E+04 -0.9999900E+04
-0.9999900E+04 0.3083487E+00 0.3052135E+00 0.2862950E+00 0.2909288E+00 0.2926410E+00 0.2940364E+00 0.3008268E+00 0.3035251E+00 0.3080032E+00 0.3083433E+00 0.3083481E+00 0.3083415E+00 0.3069232E+00 0.2988824E+00 0.3020449E+00 0.3081067E+00 0.3057694E+00 0.2891619E+00 -0.9999900E+04 -0.9999900E+04 0.2610168E+00 0.2625231E+00 0.2597506E+00 0.2589385E+00 0.2605605E+00 0.2644714E+00 0.3067266E+00 0.3071352E+00 0.3007601E+00 0.2994511E+00 0.3040887E+00 0.2893495E+00 0.3058993E+00 0.3065411E+00 0.3033169E+00 0.3076487E+00 0.2927733E+00 0.0000000E+00 -0.9999900E+04 -0.9999900E+04 -0.9999900E+04 -0.9999900E+04 -0.9999900E+04 -0.9999900E+04 -0.9999900E+04 -0.9999900E+04 -0.9999900E+04 -0.9999900E+04
-0.9999900E+04 -0.9999900E+04 0.2953483E+00 0.2995624E+00 0.2988550E+00 0.3020498E+00 0.3069561E+00 0.2960834E+00 0.3017471E+00 0.2916329E+00 0.3016342E+00 0.3083334E+00 0.3083512E+00 0.3083504E+00 0.3083493E+00 0.3083117E+00 0.3083206E+00 0.3083436E+00 0.3083406E+00 -0.9999900E+04 -0.9999900E+04 0.2591697E+00 0.2620465E+00 0.2589090E+00 0.2708309E+00 0.2942584E+00 0.3059973E+00 0.3057098E+00 0.2892083E+00 0.2888137E+00 0.3054359E+00 0.2983093E+00 0.3046497E+00 0.3083315E+00 0.3083445E+00 0.3083346E+00 0.3083450E+00 0.3078777E+00 0.2911021E+00 0.0000000E+00 0.0000000E+00 -0.9999900E+04 -0.9999900E+04 -0.9999900E+04 -0.9999900E+04 -0.9999900E+04 -0.9999900E+04 -0.9999900E+04 -0.9999900E+04
-0.9999900E+04 0.2891347E+00 0.3055483E+00 0.3082910E+00 0.3007669E+00 0.2981556E+00 0.2986780E+00 0.2937037E+00 0.3007328E+00 0.2911931E+00 0.3082234E+00 0.3083473E+00 0.3079371E+00 0.3083246E+00 0.3082612E+00 0.3082457E+00 0.3083264E+00 0.3083515E+00 0.3083526E+00 0.3066993E+00 0.2707998E+00 0.2599624E+00 0.2611297E+00 0.2980106E+00 0.3083299E+00 0.3083369E+00 0.3083444E+00 0.3051555E+00 0.2900703E+00 0.3043444E+00 0.3069423E+00 0.3080530E+00 0.3083401E+00 0.3083375E+00 0.3083488E+00 0.3083416E+00 0.3083292E+00 0.3083378E+00 0.3048858E+00 0.2853524E+00 0.2867823E+00 0.2984298E+00 -0.9999900E+04 -0.9999900E+04 -0.9999900E+04 -0.9999900E+04 -0.9999900E+04 -0.9999900E+04 -0.9999900E+04
-0.9999900E+04 0.3007381E+00 0.3039036E+00 0.2998407E+00 0.2990963E+00 0.3000036E+00 0.3019878E+00 0.2985175E+00 0.2967497E+00 0.3010587E+00 0.2987935E+00 0.3011967E+00 0.3011614E+00 0.3082813E+00 0.3082673E+00 0.3082727E+00 0.3083288E+00 0.3083508E+00 0.3083502E+00 0.3083505E+00 0.3007680E+00 0.2766783E+00 0.2614816E+00 0.2708213E+00 0.3083309E+00 0.3083383E+00 0.3083481E+00 0.3083377E+00 0.3083382E+00 0.3083496E+00 0.3083372E+00 0.3083455E+00 0.3083483E+00 0.3083434E+00 0.3083422E+00 0.3083529E+00 0.3071445E+00 0.2996300E+00 0.2994608E+00 0.2871576E+00 0.2890406E+00 0.2881721E+00 0.2870196E+00 0.3033003E+00 -0.9999900E+04 -0.9999900E+04 -0.9999900E+04 -0.9999900E+04 -0.9999900E+04
-0.9999900E+04 -0.9999900E+04 0.3061465E+00 0.3052857E+00 0.3062922E+00 0.3083363E+00 0.3083358E+00 0.3083356E+00 0.2938152E+00 0.2940434E+00 0.3023086E+00 -0.9999900E+04 0.3082716E+00 0.3082713E+00 0.3082682E+00 0.3083099E+00 0.3083290E+00 0.3083443E+00 0.3083447E+00 0.3083504E+00 0.3083487E+00 0.3083444E+00 0.3029195E+00 0.3036271E+00 0.3075899E+00 0.3079859E+00 0.3083473E+00 0.3083430E+00 0.3083294E+00 0.3083305E+00 0.3083230E+00 0.3083444E+00 0.3083496E+00 0.3083414E+00 0.3083468E+00 0.3024050E+00 0.3022662E+00 0.2897745E+00 0.2871248E+00 0.3014531E+00 0.3082691E+00 0.3066103E+00 0.2913044E+00 0.2853613E+00 0.2847288E+00 0.2895781E+00 0.2967514E+00 -0.9999900E+04 -0.9999900E+04
-0.9999900E+04 -0.9999900E+04 -0.9999900E+04 0.2963459E+00 0.3082527E+00 0.3083349E+00 0.3083405E+00 0.3052103E+00 0.2852820E+00 0.2975060E+00 0.3083043E+00 0.3082807E+00 0.3082823E+00 0.3082834E+00 0.3083276E+00 0.3083430E+00 0.3083287E+00 0.3083311E+00 0.3083239E+00 0.3083465E+00 0.3083471E+00 0.3083386E+00 0.3080479E+00 0.2890708E+00 0.2637573E+00 0.2999179E+00 0.3083382E+00 0.3083287E+00 0.3083337E+00 0.3083198E+00 0.3083363E+00 0.3083471E+00 0.3083408E+00 0.3083423E+00 0.3083506E+00 0.2998247E+00 0.2853315E+00 0.2866809E+00 0.2996686E+00 0.3083049E+00 0.3082998E+00 0.3082866E+00 0.3054822E+00 0.2966317E+00 0.2855079E+00 0.2855408E+00 0.2853093E+00 0.2875304E+00 -0.9999900E+04
-0.9999900E+04 -0.9999900E+04 -0.9999900E+04 0.3080786E+00 0.3077962E+00 0.3083385E+00 0.3082873E+00 0.2967761E+00 0.2961529E+00 0.3079507E+00 0.3082969E+00 0.3072297E+00 0.3005306E+00 0.2985756E+00 0.2994335E+00 0.3074135E+00 0.3083253E+00 0.3083316E+00 0.3083337E+00 0.3083448E+00 0.3083482E+00 0.3064663E+00 0.2796140E+00 0.2625286E+00 0.2641359E+00 0.2661780E+00 0.3068811E+00 0.3083354E+00 0.3082986E+00 0.3083292E+00 0.3083362E+00 0.3083498E+00 0.3083439E+00 0.3083503E+00 0.2958643E+00 0.2871099E+00 0.2874180E+00 0.3031155E+00 0.3083116E+00 0.3083094E+00 0.3050441E+00 0.2964038E+00 0.2921739E+00 0.2995594E+00 0.3028401E+00 0.3024766E+00 0.2975036E+00 0.2867166E+00 0.0000000E+00
-0.9999900E+04 -0.9999900E+04 -0.9999900E+04 -0.9999900E+04 0.3024273E+00 0.3083476E+00 0.3083465E+00 0.3083394E+00 0.3083052E+00 0.3082992E+00 0.3046209E+00 0.2888213E+00 0.2936986E+00 0.3008692E+00 0.2996978E+00 0.2830078E+00 0.2980361E+00 0.3083453E+00 0.3083385E+00 0.3083402E+00 0.3069060E+00 0.2738981E+00 0.2640930E+00 0.2643451E+00 0.2643222E+00 0.2722946E+00 0.3083504E+00 0.3083470E+00 0.3083384E+00 0.3078838E+00 0.3055216E+00 0.2952963E+00 0.2936554E+00 0.2930065E+00 0.2864516E+00 0.2952386E+00 0.3072109E+00 0.3043150E+00 0.2983131E+00 0.2897806E+00 0.2916113E+00 0.2927582E+00 0.2856734E+00 0.2937040E+00 0.2910366E+00 0.2765082E+00 0.2679840E+00 0.2931735E+00 0.0000000E+00
-0.9999900E+04 -0.9999900E+04 -0.9999900E+04 -0.9999900E+04 -0.9999900E+04 -0.9999900E+04 -0.9999900E+04 0.3025851E+00 0.2999872E+00 0.3022939E+00 0.2979733E+00 0.3057868E+00 -0.9999900E+04 0.3083377E+00 0.3083380E+00 0.3051342E+00 0.2877654E+00 0.2844769E+00 0.2943331E+00 0.3083518E+00 0.2989053E+00 0.2635251E+00 0.2608390E+00 0.2607867E+00 0.2688531E+00 0.2984983E+00 0.3018772E+00 0.2923555E+00 0.2874179E+00 0.2854716E+00 0.2900757E+00 0.2895066E+00 0.2916865E+00 0.2995158E+00 0.2999423E+00 0.3008720E+00 0.2970394E+00 0.2920619E+00 0.2916504E+00 0.2865740E+00 0.2658764E+00 0.2643403E+00 0.2641783E+00 0.2643037E+00 0.2643074E+00 0.2643628E+00 0.2634182E+00 0.2882817E+00 0.2911205E+00
-0.9999900E+04 -0.9999900E+04 -0.9999900E+04 -0.9999900E+04 -0.9999900E+04 -0.9999900E+04 -0.9999900E+04 -0.9999900E+04 -0.9999900E+04 -0.9999900E+04 0.3080551E+00 0.3083070E+00 0.3083467E+00 0.3083431E+00 0.3083403E+00 0.3083324E+00 0.3083452E+00 0.3083450E+00 0.3066727E+00 0.3083470E+00 0.3083303E+00 0.2824101E+00 0.2756776E+00 0.3034831E+00 0.3083494E+00 0.3037173E+00 0.2908484E+00 0.2915026E+00 0.2927290E+00 0.2953715E+00 0.3083396E+00 0.3083421E+00 0.3064607E+00 0.2998930E+00 0.3059623E+00 0.2991610E+00 0.2969636E+00 0.2897890E+00 0.2626810E+00 0.2630646E+00 0.2639271E+00 0.2642866E+00 0.2630832E+00 0.2628950E+00 0.2628033E+00 0.2637732E+00 0.2598785E+00 0.2633231E+00 0.2779517E+00
-0.9999900E+04 -0.9999900E+04 -0.9999900E+04 -0.9999900E+04 -0.9999900E+04 -0.9999900E+04 -0.9999900E+04 -0.9999900E+04 -0.9999900E+04 -0.9999900E+04 0.3083018E+00 0.3083449E+00 0.3083458E+00 0.3083437E+00 0.3083400E+00 0.3083404E+00 0.3083470E+00 0.3083497E+00 0.3083487E+00 0.3083495E+00 0.3083426E+00 0.3078811E+00 0.3081284E+00 0.3083446E+00 0.3083445E+00 0.3083397E+00 0.3083423E+00 0.3081904E+00 0.2905586E+00 0.3037120E+00 0.3083408E+00 0.3035490E+00 0.2955935E+00 0.3075167E+00 0.3082977E+00 0.2926413E+00 0.2880325E+00 0.3017476E+00 0.2797339E+00 0.2619315E+00 0.2647342E+00 0.2643324E+00 0.2638350E+00 0.2628660E+00 0.2587728E+00 0.2555920E+00 0.2335035E+00 0.2188026E+00 0.2601357E+00
-0.9999900E+04 -0.9999900E+04 -0.9999900E+04 -0.9999900E+04 -0.9999900E+04 -0.9999900E+04 -0.9999900E+04 -0.9999900E+04 -0.9999900E+04 -0.9999900E+04 -0.9999900E+04 0.3083478E+00 0.3083452E+00 0.3083423E+00 0.3083414E+00 0.3083334E+00 0.3083463E+00 0.3083507E+00 0.3083401E+00 0.3083421E+00 0.3083451E+00 0.3083399E+00 0.3083459E+00 0.3083439E+00 0.3083473E+00 0.3083473E+00 0.3083438E+00 0.3043151E+00 0.2962152E+00 0.3083466E+00 0.3050274E+00 0.3049256E+00 0.3079505E+00 0.3068005E+00 0.2928593E+00 0.2810882E+00 0.2687013E+00 0.3082889E+00 0.3068817E+00 0.2629083E+00 0.2633451E+00 0.2836821E+00 0.2872998E+00 0.2654884E+00 0.2599899E+00 -0.9999900E+04 -0.9999900E+04 -0.9999900E+04 0.2640922E+00
-0.9999900E+04 -0.9999900E+04 -0.9999900E+04 -0.9999900E+04 -0.9999900E+04 -0.9999900E+04 -0.9999900E+04 -0.9999900E+04 -0.9999900E+04 -0.9999900E+04 0.3083474E+00 0.3083470E+00 0.3083377E+00 0.3083416E+00 0.3083482E+00 0.3083513E+00 0.3083431E+00 0.3083404E+00 0.3045391E+00 0.3074685E+00 0.3083416E+00 0.3083462E+00 0.3083421E+00 0.3083257E+00 0.3083470E+00 0.3083473E+00 0.3083507E+00 0.3083466E+00 0.3083455E+00 0.3083353E+00 0.3083390E+00 0.3082969E+00 0.2990588E+00 0.2908809E+00 0.2755409E+00 0.2631911E+00 0.2628848E+00 0.2930958E+00 0.3082623E+00 0.3055373E+00 0.2986158E+00 0.3076909E+00 0.3082958E+00 0.3007571E+00 0.2870786E+00 0.2756678E+00 0.2599972E+00 0.2627291E+00 0.2643966E+00
-0.9999900E+04 -0.9999900E+04 -0.9999900E+04 -0.9999900E+04 -0.9999900E+04 -0.9999900E+04 -0.9999900E+04 -0.9999900E+04 -0.9999900E+04 -0.9999900E+04 0.3083344E+00 0.3083407E+00 0.3083470E+00 0.3083354E+00 0.3083431E+00 0.3032118E+00 0.2978574E+00 0.2970544E+00 0.3044375E+00 0.3083385E+00 0.3083398E+00 0.3083450E+00 0.3083381E+00 0.3083421E+00 0.3083472E+00 0.3083472E+00 0.3083490E+00 0.3083504E+00 0.3083478E+00 0.3083322E+00 0.3083442E+00 0.3050226E+00 0.2973666E+00 0.2907242E+00 0.2861668E+00 0.2630035E+00 0.2588060E+00 0.2782867E+00 0.3077210E+00 0.3077037E+00 0.2999608E+00 0.2970837E+00 0.2985021E+00 0.3025400E+00 0.3036734E+00 0.3025718E+00 0.2862180E+00 0.2659256E+00 0.2646815E+00
