tetas_sit_stazioni.asc
ncols         56
nrows         42
xllcorner     512874.533237
yllcorner     4576856.396057
cellsize      990
NODATA_value  -9999
0.453 0.453 0.4558333 0.4588889 0.4541945 0.4535833 0.4582778 0.464 0.464 0.4427955 0.437 0.437 0.437 0.437 0.437 0.437 0.437 0.4370682 0.4372045 0.437 0.437 0.437 0.44 0.4374091 0.437 0.4595682 0.464 0.464 0.464 0.4581667 0.464 0.464 0.464 0.464 0.464 0.464 0.464 0.464 0.464 0.464 0.4639722 0.4608889 0.4630833 0.464 0.464 0.464 0.464 0.4619167 0.464 0.464 0.464 0.4639722 0.4599722 0.4536667 0.4570278 0.4613416 
0.4537524 0.4597677 0.4576162 0.4538283 0.453 0.453 0.455539 0.464 0.464 0.4589917 0.4374215 0.437 0.437 0.437 0.437 0.437 0.437 0.437 0.437 0.437 0.437 0.437 0.437 0.437 0.437 0.4519504 0.464 0.464 0.464 0.4590909 0.4620303 0.464 0.464 0.464 0.464 0.464 0.464 0.464 0.464 0.464 0.464 0.464 0.464 0.464 0.464 0.464 0.4618586 0.4604747 0.4583737 0.4623838 0.464 0.4635656 0.4632121 0.4611818 0.4615051 0.464 
0.4604242 0.4563232 0.4536869 0.453 0.453 0.453 0.4513499 0.4637025 0.464 0.464 0.4481818 0.437 0.437 0.437 0.437 0.437 0.437 0.437 0.437 0.437 0.437 0.437 0.437 0.437 0.437 0.4456529 0.464 0.464 0.464 0.4631515 0.4560505 0.4624141 0.464 0.464 0.464 0.464 0.464 0.464 0.464 0.464 0.464 0.464 0.464 0.464 0.464 0.464 0.4639899 0.464 0.464 0.464 0.464 0.464 0.464 0.464 0.464 0.464 
0.4634848 0.4602828 0.4571212 0.453 0.453 0.453 0.4516924 0.4566465 0.464 0.464 0.4596612 0.4385868 0.437 0.437 0.437 0.437 0.437 0.437 0.437 0.437 0.437 0.437 0.437 0.437 0.437 0.4421818 0.464 0.464 0.464 0.464 0.4623232 0.4548788 0.4637475 0.464 0.464 0.464 0.464 0.464 0.464 0.464 0.464 0.464 0.464 0.464 0.464 0.464 0.464 0.464 0.464 0.464 0.464 0.464 0.464 0.464 0.464 0.464 
0.4637273 0.4618283 0.4554546 0.4534242 0.4543434 0.453 0.453 0.4532975 0.4625252 0.464 0.464 0.4606033 0.4465455 0.4372975 0.437 0.437 0.437 0.437 0.437 0.437 0.437 0.437 0.437 0.437 0.437 0.4375702 0.4606777 0.464 0.464 0.464 0.461899 0.4555859 0.4540909 0.4617071 0.464 0.464 0.464 0.464 0.464 0.464 0.464 0.464 0.464 0.464 0.464 0.464 0.464 0.464 0.464 0.464 0.464 0.464 0.464 0.464 0.464 0.464 
0.464 0.4597071 0.4630202 0.4603333 0.453 0.453 0.453 0.453 0.4596566 0.464 0.464 0.464 0.464 0.462562 0.4584711 0.4561157 0.4500165 0.437 0.437 0.437 0.437 0.437 0.437 0.437 0.437 0.437 0.4518265 0.464 0.464 0.464 0.4639596 0.4639293 0.4606161 0.4558687 0.4618687 0.4629495 0.464 0.464 0.464 0.464 0.464 0.464 0.464 0.464 0.464 0.464 0.464 0.464 0.464 0.464 0.464 0.464 0.464 0.464 0.464 0.464 
0.4608384 0.4629293 0.464 0.4629596 0.453 0.453 0.453 0.453 0.4542626 0.464 0.464 0.464 0.464 0.4511074 0.4435951 0.4492479 0.4489256 0.437 0.437 0.437 0.437 0.437 0.437 0.437 0.437 0.4428264 0.4610744 0.464 0.464 0.464 0.464 0.464 0.464 0.4584647 0.453 0.4531414 0.458899 0.4610303 0.464 0.464 0.464 0.464 0.464 0.4639394 0.464 0.464 0.464 0.464 0.464 0.464 0.464 0.4612424 0.4636363 0.464 0.464 0.464 
0.4637071 0.464 0.4638081 0.4553232 0.4530303 0.4531111 0.4552626 0.453 0.4533435 0.4633535 0.464 0.464 0.464 0.4462975 0.437 0.437 0.4393306 0.4370992 0.437 0.437 0.437 0.437 0.437 0.437 0.437 0.4392066 0.4529669 0.4634297 0.464 0.464 0.4635656 0.4614141 0.4603838 0.4564646 0.4545556 0.4540505 0.4553636 0.4574344 0.464 0.464 0.464 0.464 0.463505 0.4613232 0.4611818 0.4604848 0.464 0.464 0.464 0.464 0.464 0.4600808 0.4550909 0.464 0.464 0.464 
0.4631717 0.464 0.4623737 0.4534546 0.4555859 0.456303 0.4569394 0.4602424 0.4615252 0.4638283 0.464 0.464 0.464 0.4628843 0.457033 0.4592893 0.463876 0.4619917 0.4508595 0.4375207 0.437 0.437 0.437 0.437 0.437 0.437 0.4390083 0.4627355 0.4633636 0.4601212 0.4594949 0.461798 0.4549899 0.4627475 0.4630707 0.4614141 0.4636363 0.4562929 0.4554242 0.4634545 0.464 0.464 0.464 0.4592626 0.4575354 0.4572323 0.464 0.464 0.464 0.464 0.458202 0.4543535 0.4560707 0.464 0.464 0.464 
0.4616566 0.4639394 0.4576162 0.4595656 0.4593232 0.4608687 0.4632828 0.4578889 0.4606465 0.4560909 0.4606161 0.464 0.464 0.464 0.464 0.464 0.464 0.464 0.464 0.4490744 0.437 0.437 0.437 0.437 0.4419587 0.4542066 0.4621901 0.4626465 0.4548283 0.4548384 0.462505 0.4590101 0.4621313 0.464 0.464 0.464 0.464 0.4637576 0.4555252 0.4562323 0.463 0.464 0.464 0.464 0.4627071 0.460798 0.4624949 0.4604848 0.4620404 0.464 0.464 0.4628384 0.4612828 0.464 0.464 0.464 
0.4599293 0.4548687 0.4625959 0.4639697 0.4601414 0.4589192 0.4592525 0.456899 0.460202 0.4558384 0.4639394 0.464 0.4637879 0.464 0.464 0.464 0.464 0.464 0.464 0.4626859 0.4404463 0.437 0.437 0.4565124 0.464 0.464 0.464 0.4623434 0.4551717 0.4619394 0.4632727 0.4638485 0.464 0.464 0.464 0.464 0.464 0.464 0.4622121 0.453 0.4536061 0.4590101 0.4633232 0.464 0.464 0.4636363 0.4605353 0.4619899 0.4635555 0.4621818 0.4597273 0.462697 0.4574445 0.4624141 0.464 0.464 
0.4573636 0.4601212 0.4617172 0.459697 0.4593434 0.4597576 0.4607374 0.4590202 0.4582222 0.4603434 0.4592121 0.4603535 0.4603737 0.4639899 0.464 0.464 0.464 0.464 0.464 0.464 0.4583719 0.443843 0.4372479 0.4415372 0.464 0.464 0.464 0.464 0.464 0.464 0.464 0.464 0.464 0.464 0.464 0.464 0.4633737 0.4596364 0.4595051 0.4537879 0.4546566 0.4543434 0.4537172 0.4614343 0.4634141 0.464 0.464 0.464 0.464 0.464 0.464 0.4618384 0.4562626 0.4603434 0.464 0.464 
0.4564141 0.4580303 0.4628485 0.4624141 0.4629495 0.464 0.464 0.464 0.4568384 0.4569798 0.4609596 0.464 0.464 0.464 0.464 0.464 0.464 0.464 0.464 0.464 0.464 0.464 0.4598843 0.4604793 0.463405 0.4637273 0.464 0.464 0.464 0.464 0.464 0.464 0.464 0.464 0.464 0.4609394 0.4608889 0.4551212 0.4537475 0.460505 0.464 0.4631313 0.4556465 0.4530101 0.4530404 0.4549798 0.4581919 0.4621414 0.464 0.464 0.464 0.4639091 0.4631717 0.457404 0.4624141 0.4629 
0.4638889 0.4600707 0.4597374 0.4581111 0.4639596 0.464 0.464 0.4623737 0.4530707 0.4585252 0.464 0.464 0.464 0.464 0.464 0.464 0.464 0.464 0.464 0.464 0.464 0.464 0.4637769 0.4511818 0.4381901 0.4577025 0.464 0.464 0.464 0.464 0.464 0.464 0.464 0.464 0.464 0.4596566 0.4532424 0.4535859 0.4595858 0.464 0.464 0.464 0.4625354 0.4581313 0.4531212 0.4530808 0.453 0.4542828 0.4620303 0.4639596 0.464 0.464 0.464 0.4615151 0.464 0.464 
0.4623737 0.4600606 0.4565758 0.4638586 0.4637172 0.464 0.4639697 0.458202 0.4578889 0.4638081 0.464 0.4634444 0.4600808 0.4591111 0.4594848 0.4635252 0.464 0.464 0.464 0.464 0.464 0.4625124 0.4454049 0.437 0.437 0.4379669 0.4628347 0.464 0.464 0.464 0.464 0.464 0.464 0.464 0.4578182 0.4537374 0.4538788 0.4613333 0.464 0.464 0.4623131 0.4580202 0.4560909 0.4596061 0.4612121 0.4603701 0.4580027 0.4536263 0.453 0.4586364 0.464 0.464 0.464 0.4588687 0.4624747 0.464 
0.4618788 0.4590909 0.4613131 0.4598788 0.4609596 0.464 0.464 0.464 0.464 0.464 0.4621111 0.4548485 0.4569091 0.4602929 0.4596226 0.4500716 0.4568815 0.464 0.464 0.464 0.4628843 0.442157 0.437 0.437 0.437 0.4409174 0.464 0.464 0.464 0.4637576 0.4625455 0.4575253 0.4567273 0.4565859 0.4536263 0.4574949 0.463404 0.4619495 0.4589899 0.4552222 0.4553985 0.4537723 0.4485675 0.4536363 0.4518265 0.4434215 0.4389835 0.454742 0.453 0.4533939 0.460899 0.4576529 0.464 0.464 0.464 0.46365 
0.4573131 0.4585758 0.4593131 0.4587778 0.464 0.464 0.464 0.4610505 0.4597879 0.4609192 0.4588182 0.4627677 0.464 0.464 0.464 0.4614958 0.4499669 0.448405 0.4538595 0.464 0.4569091 0.437 0.437 0.437 0.4397521 0.4566364 0.4607273 0.4562727 0.4539596 0.4530808 0.4551111 0.455 0.4558687 0.4595152 0.4597172 0.4602222 0.4583131 0.4560707 0.4548613 0.4502975 0.4377934 0.437 0.437 0.437 0.437 0.437 0.437 0.4509238 0.4549238 0.453 0.455584 0.4380909 0.4479587 0.4639752 0.464 0.464 
0.4562626 0.453 0.4533536 0.4579697 0.4639596 0.464 0.464 0.464 0.4632727 0.4621818 0.4639394 0.464 0.464 0.464 0.464 0.464 0.464 0.464 0.4626859 0.464 0.464 0.4473141 0.443124 0.4602314 0.464 0.4616061 0.4555252 0.4558889 0.4562828 0.4575354 0.464 0.464 0.4630303 0.4597172 0.4627778 0.4593434 0.4583838 0.4514655 0.4371488 0.437 0.437 0.437 0.437 0.437 0.437 0.437 0.437 0.437 0.4443333 0.4539339 0.4531616 0.4527126 0.4440266 0.4454527 0.4601074 0.464 
0.4576667 0.457606 0.4605859 0.463697 0.464 0.464 0.464 0.464 0.464 0.464 0.464 0.464 0.464 0.464 0.464 0.464 0.464 0.464 0.464 0.464 0.464 0.4636281 0.4638264 0.464 0.464 0.464 0.464 0.4639192 0.4552929 0.4616162 0.464 0.4615757 0.457697 0.463596 0.464 0.4562727 0.452078 0.4597052 0.4456033 0.437 0.4349284 0.4367576 0.437 0.437 0.437 0.437 0.437 0.437 0.437 0.442135 0.4552654 0.4538283 0.453 0.4526327 0.4492278 0.4539727 
0.4589798 0.4620909 0.4625657 0.4634949 0.4599798 0.4569899 0.4577576 0.4639697 0.464 0.464 0.464 0.464 0.464 0.464 0.464 0.464 0.464 0.464 0.464 0.464 0.464 0.464 0.464 0.464 0.464 0.464 0.464 0.4619192 0.4579394 0.464 0.4622828 0.4622424 0.463798 0.463202 0.4563636 0.4496061 0.4398173 0.464 0.4629091 0.4380909 0.4372231 0.447438 0.4496198 0.4383141 0.437 0.437 0.437 0.437 0.437 0.437 0.4373471 0.4468806 0.4563738 0.4530909 0.453 0.453 
0.4538384 0.4548081 0.4582121 0.456404 0.453 0.4561313 0.4542121 0.4587071 0.464 0.464 0.464 0.464 0.464 0.464 0.464 0.464 0.464 0.464 0.4620808 0.4635555 0.464 0.464 0.464 0.464 0.464 0.464 0.464 0.464 0.464 0.464 0.464 0.4639798 0.4593434 0.4554546 0.4451249 0.4373673 0.4375207 0.453562 0.464 0.4619504 0.457472 0.4636768 0.464 0.4582479 0.4493967 0.4429504 0.437 0.437 0.437 0.437 0.437 0.4441157 0.4610578 0.4593159 0.4578081 0.453 
0.453 0.453 0.454 0.4612525 0.4570606 0.4607879 0.4602121 0.463101 0.464 0.464 0.464 0.464 0.464 0.464 0.464 0.4613838 0.4588586 0.4584748 0.4619899 0.464 0.464 0.464 0.464 0.464 0.464 0.464 0.464 0.464 0.464 0.464 0.464 0.4622929 0.4584849 0.4554546 0.4492544 0.437 0.437 0.445157 0.4635785 0.4637071 0.4597475 0.4583535 0.4590303 0.4610707 0.4616162 0.4607539 0.4488779 0.4376694 0.437 0.437 0.437 0.437 0.4372727 0.4415124 0.4595739 0.453 
0.4531111 0.4530202 0.4538384 0.4538788 0.4633636 0.464 0.464 0.464 0.464 0.464 0.464 0.464 0.464 0.4638384 0.4591414 0.4591313 0.4639495 0.464 0.464 0.464 0.464 0.464 0.464 0.464 0.464 0.464 0.464 0.464 0.464 0.464 0.464 0.4619394 0.4546364 0.4606061 0.4560165 0.437 0.4429945 0.4619706 0.4603636 0.4610404 0.461427 0.461798 0.4634747 0.464 0.464 0.4632626 0.4610909 0.459483 0.4529614 0.4511644 0.4400248 0.4371735 0.4504876 0.4600734 0.4540028 0.453 
0.4566364 0.4580505 0.4610606 0.4608889 0.4635555 0.464 0.464 0.464 0.464 0.464 0.464 0.464 0.464 0.4608081 0.4589394 0.4627677 0.464 0.464 0.464 0.464 0.464 0.464 0.464 0.464 0.464 0.464 0.464 0.464 0.464 0.464 0.4639899 0.4576263 0.4577576 0.464 0.4586198 0.4398806 0.4521157 0.4601919 0.4634848 0.464 0.4627576 0.4637172 0.464 0.464 0.464 0.464 0.464 0.464 0.460899 0.4538586 0.4569467 0.4565592 0.4560147 0.4532525 0.4531313 0.4576 
0.4605758 0.4583535 0.4572424 0.4617172 0.464 0.464 0.464 0.464 0.464 0.464 0.464 0.464 0.464 0.4594545 0.4573232 0.4607172 0.4625657 0.464 0.464 0.464 0.464 0.464 0.464 0.464 0.464 0.464 0.464 0.464 0.464 0.464 0.4637576 0.4565859 0.4630101 0.464 0.4531157 0.4567153 0.4607879 0.464 0.464 0.464 0.4637677 0.464 0.464 0.464 0.464 0.464 0.464 0.4621717 0.4590606 0.4634242 0.4582626 0.4560202 0.4574848 0.4620909 0.4625556 0.4588667 
0.459697 0.4626474 0.459438 0.4626859 0.464 0.464 0.464 0.464 0.464 0.4639899 0.4629394 0.4637576 0.464 0.464 0.464 0.464 0.464 0.464 0.464 0.464 0.464 0.464 0.464 0.464 0.464 0.464 0.464 0.464 0.464 0.464 0.4621515 0.4635555 0.464 0.464 0.4596152 0.4563939 0.4639596 0.4638687 0.464 0.464 0.464 0.464 0.464 0.464 0.464 0.464 0.464 0.4617172 0.463899 0.4598081 0.4633838 0.464 0.464 0.464 0.4623939 0.45875 
0.4546061 0.4617778 0.4590808 0.4608182 0.462899 0.4634343 0.4626566 0.4636869 0.4632121 0.4571111 0.4609192 0.4628182 0.464 0.464 0.464 0.4637677 0.4613636 0.4615454 0.464 0.464 0.464 0.464 0.464 0.464 0.464 0.464 0.464 0.464 0.464 0.464 0.464 0.464 0.464 0.464 0.464 0.464 0.464 0.4627374 0.464 0.464 0.464 0.464 0.464 0.464 0.464 0.464 0.464 0.464 0.4626869 0.4633636 0.464 0.464 0.464 0.464 0.4621717 0.4531 
0.4604141 0.453899 0.4590606 0.4552323 0.4530404 0.4530606 0.4537071 0.4547374 0.4598384 0.463596 0.464 0.464 0.464 0.464 0.464 0.4634848 0.4630202 0.463303 0.464 0.464 0.464 0.464 0.464 0.464 0.464 0.464 0.464 0.464 0.464 0.464 0.464 0.464 0.464 0.464 0.464 0.464 0.464 0.464 0.464 0.464 0.464 0.464 0.464 0.464 0.464 0.464 0.464 0.464 0.464 0.464 0.464 0.464 0.464 0.464 0.4554849 0.453 
0.4627071 0.454202 0.453 0.453 0.453697 0.453 0.453 0.4570303 0.464 0.464 0.464 0.464 0.464 0.464 0.464 0.464 0.464 0.464 0.464 0.464 0.464 0.464 0.464 0.464 0.464 0.464 0.464 0.464 0.464 0.464 0.464 0.464 0.464 0.464 0.464 0.464 0.464 0.464 0.464 0.464 0.464 0.464 0.464 0.464 0.464 0.464 0.464 0.464 0.464 0.464 0.464 0.464 0.4611212 0.4554647 0.4551616 0.4560667 
0.4624949 0.4566061 0.4546162 0.4534748 0.453 0.4530202 0.4571717 0.463505 0.464 0.464 0.464 0.464 0.464 0.464 0.464 0.4621515 0.4636061 0.464 0.4630606 0.4618687 0.456045 0.4575638 0.4633554 0.464 0.464 0.464 0.464 0.464 0.464 0.464 0.464 0.464 0.464 0.464 0.464 0.464 0.464 0.464 0.464 0.464 0.464 0.464 0.464 0.464 0.464 0.464 0.464 0.464 0.464 0.464 0.4639798 0.4582929 0.4572424 0.463101 0.464 0.464 
0.4620808 0.4585252 0.4585859 0.4583131 0.4544646 0.4568485 0.464 0.464 0.464 0.464 0.464 0.464 0.464 0.464 0.464 0.464 0.464 0.4634747 0.4579394 0.4607374 0.4636869 0.464 0.464 0.464 0.464 0.464 0.464 0.464 0.464 0.464 0.464 0.464 0.464 0.464 0.464 0.464 0.464 0.464 0.464 0.464 0.464 0.464 0.464 0.464 0.464 0.464 0.464 0.464 0.464 0.4638384 0.4569495 0.455404 0.4623636 0.464 0.464 0.4603 
0.4579394 0.4624848 0.4604646 0.4598182 0.4606566 0.4639899 0.464 0.464 0.464 0.464 0.464 0.464 0.4599596 0.4564748 0.4579899 0.457303 0.4554242 0.4542323 0.4549192 0.4609899 0.464 0.464 0.464 0.464 0.464 0.464 0.464 0.464 0.464 0.464 0.464 0.464 0.464 0.464 0.464 0.464 0.464 0.464 0.464 0.464 0.464 0.464 0.464 0.464 0.464 0.464 0.464 0.464 0.464 0.464 0.4520248 0.4584554 0.4632626 0.4586263 0.4559394 0.4544 
0.4536566 0.4532828 0.458697 0.4616566 0.4599091 0.4627172 0.464 0.464 0.464 0.464 0.4638687 0.464 0.4537374 0.4531111 0.4561818 0.4589394 0.4617071 0.4637374 0.464 0.464 0.464 0.464 0.464 0.464 0.464 0.464 0.464 0.464 0.464 0.464 0.464 0.464 0.464 0.464 0.464 0.464 0.464 0.464 0.464 0.464 0.464 0.464 0.464 0.464 0.464 0.464 0.464 0.464 0.464 0.464 0.464 0.4603636 0.4535152 0.4572626 0.453404 0.453 
0.4588081 0.4552323 0.462505 0.4557778 0.4556667 0.4639293 0.464 0.4636869 0.4638889 0.4626161 0.4530808 0.4540101 0.453 0.4585555 0.464 0.464 0.464 0.464 0.464 0.464 0.464 0.464 0.464 0.464 0.464 0.464 0.464 0.464 0.464 0.464 0.464 0.464 0.464 0.464 0.464 0.464 0.464 0.464 0.464 0.464 0.464 0.464 0.464 0.464 0.464 0.464 0.464 0.464 0.464 0.464 0.4629091 0.4549596 0.453 0.4579596 0.4540808 0.4536667 
0.460596 0.4551818 0.4554141 0.453 0.4553737 0.4639899 0.4604546 0.4532525 0.4576869 0.4561313 0.4539192 0.4609293 0.4624545 0.4639596 0.464 0.464 0.464 0.464 0.464 0.464 0.464 0.464 0.464 0.464 0.464 0.464 0.464 0.464 0.464 0.464 0.464 0.464 0.464 0.464 0.464 0.464 0.464 0.464 0.464 0.464 0.464 0.464 0.464 0.464 0.464 0.464 0.464 0.464 0.464 0.464 0.4624141 0.4631212 0.4627374 0.455596 0.4610606 0.4578667 
0.4638788 0.4569091 0.4542828 0.4561818 0.4566465 0.463899 0.4608384 0.4518393 0.4504178 0.453 0.4614444 0.4619091 0.4630202 0.464 0.464 0.464 0.464 0.464 0.4626364 0.4635353 0.464 0.463157 0.4489504 0.4509339 0.4552975 0.464 0.464 0.464 0.464 0.464 0.464 0.464 0.464 0.464 0.464 0.464 0.464 0.464 0.464 0.464 0.4632929 0.4619899 0.4636666 0.464 0.464 0.464 0.464 0.464 0.464 0.464 0.464 0.464 0.4637374 0.4626768 0.463899 0.4624 
0.464 0.4614848 0.4589899 0.464 0.4571414 0.4588586 0.4542828 0.453 0.4544545 0.4554242 0.4530606 0.4563131 0.4639495 0.464 0.464 0.464 0.464 0.4612626 0.4600202 0.4637025 0.4557934 0.4417603 0.437 0.437 0.4370248 0.4574793 0.464 0.464 0.464 0.464 0.464 0.464 0.464 0.464 0.464 0.464 0.464 0.464 0.464 0.4622929 0.4632323 0.4639798 0.464 0.464 0.464 0.464 0.464 0.464 0.464 0.464 0.464 0.464 0.464 0.4636777 0.4583783 0.4499636 
0.464 0.464 0.464 0.4625252 0.4542525 0.453 0.453 0.4574646 0.4633232 0.4606465 0.4599596 0.4638485 0.4607677 0.4577374 0.4598485 0.4589697 0.4553939 0.4560808 0.4545565 0.4416611 0.437 0.4387851 0.4444876 0.4374711 0.437 0.4462975 0.4621405 0.464 0.464 0.464 0.464 0.464 0.464 0.464 0.464 0.464 0.464 0.4632929 0.4634848 0.463899 0.464 0.464 0.464 0.464 0.464 0.464 0.464 0.4639899 0.4633535 0.4635353 0.4622929 0.4586474 0.4585702 0.4423306 0.437 0.437 
0.464 0.464 0.4631313 0.4567374 0.453 0.453 0.453 0.4572222 0.462101 0.4638081 0.464 0.4636768 0.455303 0.4534445 0.4598182 0.4615656 0.4580707 0.4632828 0.4575785 0.4556694 0.4616198 0.464 0.4519256 0.4370744 0.437 0.437 0.4496942 0.464 0.464 0.464 0.464 0.464 0.464 0.464 0.464 0.464 0.462798 0.4595555 0.464 0.464 0.464 0.464 0.464 0.464 0.464 0.462606 0.462202 0.463202 0.4639899 0.460404 0.4633636 0.4448099 0.4397025 0.437 0.437 0.437 
0.464 0.464 0.4639596 0.4543737 0.453 0.453 0.4545556 0.461697 0.4610303 0.4608283 0.4576566 0.4556263 0.4539798 0.4573333 0.4563839 0.455596 0.4565758 0.4578485 0.4519412 0.4540459 0.4570578 0.448281 0.4377934 0.4443884 0.4446116 0.4528925 0.4613223 0.464 0.464 0.464 0.464 0.464 0.464 0.464 0.4639697 0.4618586 0.4631919 0.464 0.464 0.464 0.464 0.464 0.464 0.464 0.4633838 0.4638182 0.464 0.464 0.464 0.456438 0.4457411 0.4396437 0.437 0.437 0.437 0.437 
0.464 0.464 0.464 0.4582222 0.453 0.453 0.4601717 0.4612121 0.4557172 0.4541717 0.4559091 0.453 0.4535556 0.4530909 0.453 0.4608384 0.4559899 0.453 0.4517952 0.4524564 0.4502755 0.4598595 0.459562 0.464 0.464 0.464 0.464 0.464 0.464 0.464 0.464 0.464 0.464 0.462899 0.4607273 0.4637172 0.464 0.464 0.4639991 0.4639651 0.464 0.464 0.464 0.464 0.464 0.464 0.464 0.464 0.4553223 0.4376198 0.4399238 0.4371616 0.437 0.437 0.437 0.4394727 
0.464 0.464 0.4638586 0.463899 0.4539394 0.453 0.4578788 0.4532828 0.4577172 0.4535353 0.4524325 0.4533958 0.4575556 0.4586869 0.4621818 0.463798 0.4620202 0.4575152 0.4591111 0.4592929 0.4599697 0.464 0.464 0.464 0.464 0.464 0.464 0.464 0.464 0.464 0.4639293 0.4634242 0.4612424 0.460899 0.4639596 0.464 0.464 0.464 0.464 0.464 0.464 0.464 0.464 0.464 0.464 0.464 0.464 0.4635289 0.4599835 0.4370992 0.4387337 0.437 0.437 0.437 0.4372645 0.4407576 
