tetar_sit_stazioni.asc
ncols         56
nrows         42
xllcorner     512874.533237
yllcorner     4576856.396057
cellsize      990
NODATA_value  -9999
0.041 0.041 0.04975758 0.05920202 0.04469192 0.04280303 0.05731313 0.075 0.075 0.04358586 0.035 0.035 0.035 0.035 0.035 0.035 0.035 0.03510101 0.03530303 0.035 0.035 0.035 0.03944445 0.03560606 0.035 0.06843434 0.075 0.075 0.075 0.0569697 0.075 0.075 0.075 0.075 0.075 0.075 0.075 0.075 0.075 0.075 0.07491414 0.06538384 0.07216667 0.075 0.075 0.075 0.075 0.06856061 0.075 0.075 0.075 0.07491414 0.06255051 0.04306061 0.0534495 0.06678334 
0.04332563 0.06191828 0.05526814 0.04356015 0.041 0.041 0.05399541 0.075 0.075 0.06758035 0.03562443 0.035 0.035 0.035 0.035 0.035 0.035 0.035 0.035 0.035 0.035 0.035 0.035 0.035 0.035 0.05714876 0.075 0.075 0.075 0.05982645 0.06891185 0.075 0.075 0.075 0.075 0.075 0.075 0.075 0.075 0.075 0.075 0.075 0.075 0.075 0.075 0.075 0.06838109 0.06410377 0.05760974 0.0700046 0.075 0.07365749 0.07256474 0.06628926 0.06728834 0.075 
0.06394766 0.05127181 0.04312305 0.041 0.041 0.041 0.04567585 0.07455923 0.075 0.075 0.05156566 0.035 0.035 0.035 0.035 0.035 0.035 0.035 0.035 0.035 0.035 0.035 0.035 0.035 0.035 0.0478191 0.075 0.075 0.075 0.07237741 0.05042883 0.07009826 0.075 0.075 0.075 0.075 0.075 0.075 0.075 0.075 0.075 0.075 0.075 0.075 0.075 0.075 0.07496879 0.075 0.075 0.075 0.075 0.075 0.075 0.075 0.075 0.075 
0.07340772 0.06351056 0.05373829 0.041 0.041 0.041 0.04050964 0.06061066 0.075 0.075 0.06857209 0.03735078 0.035 0.035 0.035 0.035 0.035 0.035 0.035 0.035 0.035 0.035 0.035 0.035 0.035 0.04267677 0.075 0.075 0.075 0.075 0.06981727 0.04680716 0.07421947 0.075 0.075 0.075 0.075 0.075 0.075 0.075 0.075 0.075 0.075 0.075 0.075 0.075 0.075 0.075 0.075 0.075 0.075 0.075 0.075 0.075 0.075 0.075 
0.07415703 0.06828742 0.04858678 0.0423113 0.04515243 0.041 0.041 0.04319651 0.07044169 0.075 0.075 0.06996787 0.04914141 0.03544077 0.035 0.035 0.035 0.035 0.035 0.035 0.035 0.035 0.035 0.035 0.035 0.03584481 0.07007805 0.075 0.075 0.075 0.06850597 0.04899266 0.0443719 0.06791276 0.075 0.075 0.075 0.075 0.075 0.075 0.075 0.075 0.075 0.075 0.075 0.075 0.075 0.075 0.075 0.075 0.075 0.075 0.075 0.075 0.075 0.075 
0.075 0.06173095 0.07197154 0.06366667 0.041 0.041 0.041 0.041 0.06157484 0.075 0.075 0.075 0.075 0.07286961 0.066809 0.06331956 0.05428375 0.035 0.035 0.035 0.035 0.035 0.035 0.035 0.035 0.035 0.05696511 0.075 0.075 0.075 0.07487512 0.07478146 0.06454086 0.04986685 0.0684123 0.07175299 0.075 0.075 0.075 0.075 0.075 0.075 0.075 0.075 0.075 0.075 0.075 0.075 0.075 0.075 0.075 0.075 0.075 0.075 0.075 0.075 
0.06522773 0.07169054 0.075 0.07178421 0.041 0.041 0.041 0.041 0.04490266 0.075 0.075 0.075 0.075 0.05589991 0.04477043 0.05314509 0.05266759 0.035 0.035 0.035 0.035 0.035 0.035 0.035 0.035 0.04363177 0.07066575 0.075 0.075 0.075 0.075 0.075 0.075 0.05789073 0.041 0.0414371 0.05923324 0.06582094 0.075 0.075 0.075 0.075 0.075 0.07481267 0.075 0.075 0.075 0.075 0.075 0.075 0.075 0.06647658 0.07387604 0.075 0.075 0.075 
0.07409459 0.075 0.0744068 0.0481809 0.04109367 0.04134344 0.04799357 0.041 0.04206153 0.07300184 0.075 0.075 0.075 0.0487741 0.035 0.035 0.03845271 0.03514693 0.035 0.035 0.035 0.035 0.035 0.035 0.035 0.03826905 0.05865473 0.07415519 0.075 0.075 0.07365749 0.06700735 0.06382278 0.05170891 0.04580808 0.04424702 0.04830579 0.05470615 0.075 0.075 0.075 0.075 0.07347016 0.06672636 0.06628926 0.06413499 0.075 0.075 0.075 0.075 0.075 0.06288613 0.04746281 0.075 0.075 0.075 
0.07243986 0.075 0.06997337 0.04240496 0.04899266 0.05120937 0.05317631 0.06338568 0.06735078 0.07446924 0.075 0.075 0.075 0.07334711 0.06467861 0.06802113 0.07481635 0.07202479 0.0555326 0.03577135 0.035 0.035 0.035 0.035 0.035 0.035 0.03797521 0.07312673 0.07303306 0.06301102 0.0610753 0.06819376 0.0471506 0.07112856 0.07212764 0.06700735 0.07387604 0.05117815 0.04849311 0.07331406 0.075 0.075 0.075 0.06035721 0.05501837 0.05408173 0.075 0.075 0.075 0.075 0.05707897 0.04518365 0.05049128 0.075 0.075 0.075 
0.06775666 0.07481267 0.05526814 0.06129385 0.06054454 0.0653214 0.07278329 0.05611111 0.06463453 0.05055372 0.06454086 0.075 0.075 0.075 0.075 0.075 0.075 0.075 0.075 0.05288797 0.035 0.035 0.035 0.035 0.04234619 0.06049128 0.07231864 0.07081635 0.04665106 0.04668228 0.07037925 0.05957668 0.06922406 0.075 0.075 0.075 0.075 0.07425069 0.04880533 0.05099082 0.07190909 0.075 0.075 0.075 0.07100368 0.06510285 0.07034803 0.06413499 0.06894307 0.075 0.075 0.07140955 0.06660147 0.075 0.075 0.075 
0.06241782 0.04677594 0.07066024 0.07490634 0.06307346 0.05929569 0.06032599 0.05305142 0.06326079 0.04977319 0.07481267 0.075 0.07434435 0.075 0.075 0.075 0.075 0.075 0.075 0.07305326 0.0401056 0.035 0.035 0.06390726 0.075 0.075 0.075 0.06987971 0.04771258 0.06863086 0.07275207 0.07453168 0.075 0.075 0.075 0.075 0.075 0.075 0.06947383 0.041 0.04287328 0.05957668 0.07290818 0.075 0.075 0.07387604 0.0642911 0.06878696 0.07362626 0.06938017 0.06179339 0.07097246 0.05473737 0.07009826 0.075 0.075 
0.0544876 0.06301102 0.06794399 0.06169973 0.06060698 0.06188706 0.06491552 0.0596079 0.05714142 0.06369789 0.0602011 0.06372911 0.06379155 0.07496879 0.075 0.075 0.075 0.075 0.075 0.075 0.06666208 0.04513774 0.03536731 0.04172176 0.075 0.075 0.075 0.075 0.075 0.075 0.075 0.075 0.075 0.075 0.075 0.075 0.07306428 0.0615124 0.06110652 0.04343526 0.04612029 0.04515243 0.04321671 0.06706979 0.07318917 0.075 0.075 0.075 0.075 0.075 0.075 0.06831864 0.05108448 0.06369789 0.075 0.075 
0.0515528 0.05654821 0.07144077 0.07009826 0.07175299 0.075 0.075 0.075 0.0528641 0.0533012 0.06560239 0.075 0.075 0.075 0.075 0.075 0.075 0.075 0.075 0.075 0.075 0.075 0.06890266 0.06978421 0.07411846 0.07459597 0.075 0.075 0.075 0.075 0.075 0.075 0.075 0.075 0.075 0.06553995 0.06538384 0.04755647 0.04331038 0.06419743 0.075 0.07231497 0.04917998 0.04103122 0.04112489 0.04711938 0.05704775 0.06925528 0.075 0.075 0.075 0.07471901 0.07243986 0.05461249 0.07009826 0.07160001 
0.07465657 0.06285492 0.06182461 0.05679798 0.07487512 0.075 0.075 0.06997337 0.04121855 0.05807805 0.075 0.075 0.075 0.075 0.075 0.075 0.075 0.075 0.075 0.075 0.075 0.075 0.07466942 0.0560101 0.03676309 0.06567034 0.075 0.075 0.075 0.075 0.075 0.075 0.075 0.075 0.075 0.06157484 0.04174931 0.04281084 0.06135629 0.075 0.075 0.075 0.07047291 0.05686042 0.04137466 0.04124977 0.041 0.04496511 0.06891185 0.07487512 0.075 0.075 0.075 0.06731956 0.075 0.075 
0.06997337 0.06282369 0.05205235 0.07456291 0.0741258 0.075 0.07490634 0.05707897 0.05611111 0.0744068 0.075 0.07328283 0.06288613 0.05988889 0.06104408 0.0735326 0.075 0.075 0.075 0.075 0.075 0.07279614 0.04745179 0.035 0.035 0.03643251 0.07327365 0.075 0.075 0.075 0.075 0.075 0.075 0.075 0.05589256 0.04327916 0.04371626 0.06675757 0.075 0.075 0.06978604 0.05651699 0.05055372 0.06141873 0.06638292 0.06697246 0.05933609 0.04293572 0.041 0.05842149 0.075 0.075 0.075 0.05913958 0.07028559 0.075 
0.06844353 0.05982645 0.06669514 0.06226171 0.06560239 0.075 0.075 0.075 0.075 0.075 0.06916162 0.0467135 0.05308264 0.06354178 0.06158954 0.04563545 0.06377135 0.075 0.075 0.075 0.07334711 0.04264004 0.035 0.035 0.035 0.04080349 0.075 0.075 0.075 0.07425069 0.07050414 0.05498715 0.05252066 0.05208356 0.04293572 0.05489348 0.07315794 0.06866208 0.05951424 0.04786869 0.05056841 0.05651515 0.05203949 0.05964646 0.05696511 0.04451331 0.03793848 0.05556199 0.041 0.04221763 0.06541506 0.06559688 0.075 0.075 0.075 0.07391819 
0.0543315 0.05823416 0.06051332 0.05885859 0.075 0.075 0.075 0.06588338 0.06198072 0.06547751 0.05898347 0.07119101 0.075 0.075 0.075 0.07129018 0.05421029 0.05189624 0.05997704 0.075 0.06449495 0.035 0.035 0.035 0.03907714 0.06409091 0.0648843 0.0511157 0.04396603 0.04124977 0.04752525 0.04718182 0.04986685 0.06113774 0.06176217 0.06332324 0.05742241 0.05049128 0.05182094 0.05016437 0.03617539 0.035 0.035 0.035 0.035 0.035 0.035 0.05297796 0.05041781 0.041 0.05497245 0.03661616 0.05123508 0.07496327 0.075 0.075 
0.05108448 0.041 0.04209275 0.05636088 0.07487512 0.075 0.075 0.075 0.07275207 0.06938017 0.07481267 0.075 0.075 0.075 0.075 0.075 0.075 0.075 0.07305326 0.075 0.075 0.05028008 0.04407255 0.0694169 0.075 0.06760056 0.04880533 0.04992929 0.05114692 0.05501837 0.075 0.075 0.07200276 0.06176217 0.07122222 0.06060698 0.05764096 0.05565014 0.03522038 0.035 0.035 0.035 0.035 0.035 0.035 0.035 0.035 0.035 0.04537649 0.04911387 0.04149954 0.04936915 0.0405978 0.04692103 0.06923325 0.075 
0.05542424 0.05523692 0.0644472 0.07406336 0.075 0.075 0.075 0.075 0.075 0.075 0.075 0.075 0.075 0.075 0.075 0.075 0.075 0.075 0.075 0.075 0.075 0.07444904 0.07474288 0.075 0.075 0.075 0.075 0.07475023 0.04808724 0.06763177 0.075 0.06750689 0.05551791 0.07375115 0.075 0.0511157 0.05107897 0.06639394 0.04774564 0.035 0.035 0.035 0.035 0.035 0.035 0.035 0.035 0.035 0.035 0.04197337 0.05482553 0.04356015 0.041 0.04086226 0.0399146 0.0474303 
0.05948301 0.06909917 0.07056658 0.07343893 0.06257392 0.05333242 0.05570523 0.07490634 0.075 0.075 0.075 0.075 0.075 0.075 0.075 0.075 0.075 0.075 0.075 0.075 0.075 0.075 0.075 0.075 0.075 0.075 0.075 0.06856842 0.05626722 0.075 0.06969238 0.06956749 0.07437558 0.07253352 0.0513967 0.03972727 0.03879982 0.075 0.07338384 0.03661616 0.03533058 0.05046373 0.05369605 0.03694674 0.035 0.035 0.035 0.035 0.035 0.035 0.03551423 0.0477034 0.05186685 0.04128099 0.041 0.041 
0.04359137 0.04658861 0.05711019 0.05152158 0.041 0.05067861 0.04474656 0.05864004 0.075 0.075 0.075 0.075 0.075 0.075 0.075 0.075 0.075 0.075 0.06906796 0.07362626 0.075 0.075 0.075 0.075 0.075 0.075 0.075 0.075 0.075 0.075 0.075 0.07493756 0.06060698 0.04858678 0.03804683 0.03513774 0.03577135 0.05953627 0.075 0.07181726 0.0633618 0.07400092 0.075 0.06647842 0.05336547 0.04381543 0.035 0.035 0.035 0.035 0.035 0.04554178 0.07049495 0.06120019 0.05586134 0.041 
0.041 0.041 0.04409091 0.06650781 0.05355097 0.06507163 0.06329201 0.07222131 0.075 0.075 0.075 0.075 0.075 0.075 0.075 0.06691369 0.05910836 0.05792195 0.06878696 0.075 0.075 0.075 0.075 0.075 0.075 0.075 0.075 0.075 0.075 0.075 0.075 0.0697236 0.05795317 0.04858678 0.05196786 0.035 0.035 0.04708448 0.07437558 0.07409459 0.06185583 0.05754729 0.05963912 0.06594583 0.06763177 0.06640313 0.05232048 0.03599174 0.035 0.035 0.035 0.035 0.03540404 0.04168503 0.06598806 0.041 
0.04134344 0.04106244 0.04359137 0.04371626 0.07303306 0.075 0.075 0.075 0.075 0.075 0.075 0.075 0.075 0.07450046 0.05998255 0.05995134 0.0748439 0.075 0.075 0.075 0.075 0.075 0.075 0.075 0.075 0.075 0.075 0.075 0.075 0.075 0.075 0.06863086 0.04605785 0.06450965 0.06317264 0.035 0.04383196 0.07056291 0.06376033 0.06585216 0.07079798 0.06819376 0.07337649 0.075 0.075 0.07272085 0.06600827 0.06439027 0.05684206 0.05575666 0.03948117 0.03525712 0.05498164 0.06617539 0.04521671 0.041 
0.05223967 0.05661066 0.0659146 0.06538384 0.07362626 0.075 0.075 0.075 0.075 0.075 0.075 0.075 0.075 0.06513407 0.05935813 0.07119101 0.075 0.075 0.075 0.075 0.075 0.075 0.075 0.075 0.075 0.075 0.075 0.075 0.075 0.075 0.07496879 0.05529936 0.05570523 0.075 0.06702939 0.03923508 0.04612764 0.06322957 0.07340772 0.075 0.07115978 0.0741258 0.075 0.075 0.075 0.075 0.075 0.075 0.06541506 0.04365381 0.05339853 0.05802663 0.05247291 0.04178054 0.04140588 0.05521818 
0.06441598 0.05754729 0.05411295 0.06794399 0.075 0.075 0.075 0.075 0.075 0.075 0.075 0.075 0.075 0.06095042 0.05436272 0.06485308 0.07056658 0.075 0.075 0.075 0.075 0.075 0.075 0.075 0.075 0.075 0.075 0.075 0.075 0.075 0.07425069 0.05208356 0.07194032 0.075 0.05887512 0.06022498 0.06507163 0.075 0.075 0.075 0.07428192 0.075 0.075 0.075 0.075 0.075 0.075 0.06934895 0.05973278 0.07322039 0.0572663 0.05033517 0.05486226 0.06909917 0.07053535 0.05913334 
0.06169973 0.07089899 0.06824151 0.07305326 0.075 0.075 0.075 0.075 0.075 0.07496879 0.07172176 0.07425069 0.075 0.075 0.075 0.075 0.075 0.075 0.075 0.075 0.075 0.075 0.075 0.075 0.075 0.075 0.075 0.075 0.075 0.075 0.0692865 0.07362626 0.075 0.075 0.0675124 0.05149036 0.07487512 0.07459413 0.075 0.075 0.075 0.075 0.075 0.075 0.075 0.075 0.075 0.06794399 0.07468779 0.06204316 0.0730955 0.075 0.075 0.075 0.07003582 0.05877273 
0.04596419 0.06813131 0.05979523 0.06516529 0.07159688 0.07325161 0.07084757 0.07403214 0.07256474 0.05370707 0.06547751 0.07134711 0.075 0.075 0.075 0.07428192 0.06685124 0.06741323 0.075 0.075 0.075 0.075 0.075 0.075 0.075 0.075 0.075 0.075 0.075 0.075 0.075 0.075 0.075 0.075 0.075 0.075 0.075 0.07109734 0.075 0.075 0.075 0.075 0.075 0.075 0.075 0.075 0.075 0.075 0.07094123 0.07303306 0.075 0.075 0.075 0.075 0.06934895 0.04130909 
0.06391644 0.0437787 0.05973278 0.04789991 0.04112489 0.04118733 0.04318549 0.04637007 0.06213683 0.07375115 0.075 0.075 0.075 0.075 0.075 0.07340772 0.07197154 0.07284573 0.075 0.075 0.075 0.075 0.075 0.075 0.075 0.075 0.075 0.075 0.075 0.075 0.075 0.075 0.075 0.075 0.075 0.075 0.075 0.075 0.075 0.075 0.075 0.075 0.075 0.075 0.075 0.075 0.075 0.075 0.075 0.075 0.075 0.075 0.075 0.075 0.04868044 0.041 
0.07100368 0.04471534 0.041 0.041 0.04315427 0.041 0.041 0.0534573 0.075 0.075 0.075 0.075 0.075 0.075 0.075 0.075 0.075 0.075 0.075 0.075 0.075 0.075 0.075 0.075 0.075 0.075 0.075 0.075 0.075 0.075 0.075 0.075 0.075 0.075 0.075 0.075 0.075 0.075 0.075 0.075 0.075 0.075 0.075 0.075 0.075 0.075 0.075 0.075 0.075 0.075 0.075 0.075 0.06610193 0.048618 0.04768136 0.05047879 
0.07034803 0.05214601 0.04599541 0.0424674 0.041 0.04106244 0.0538944 0.07347016 0.075 0.075 0.075 0.075 0.075 0.075 0.075 0.0692865 0.07378237 0.075 0.07209642 0.0684123 0.0591506 0.06416437 0.074045 0.075 0.075 0.075 0.075 0.075 0.075 0.075 0.075 0.075 0.075 0.075 0.075 0.075 0.075 0.075 0.075 0.075 0.075 0.075 0.075 0.075 0.075 0.075 0.075 0.075 0.075 0.075 0.07493756 0.05735996 0.05411295 0.07222131 0.075 0.075 
0.06906796 0.05807805 0.05826538 0.05742241 0.04552709 0.05289532 0.075 0.075 0.075 0.075 0.075 0.075 0.075 0.075 0.075 0.075 0.075 0.07337649 0.05626722 0.06491552 0.07403214 0.075 0.075 0.075 0.075 0.075 0.075 0.075 0.075 0.075 0.075 0.075 0.075 0.075 0.075 0.075 0.075 0.075 0.075 0.075 0.075 0.075 0.075 0.075 0.075 0.075 0.075 0.075 0.075 0.07450046 0.05320753 0.04843067 0.06994215 0.075 0.075 0.06356364 
0.05626722 0.07031681 0.06407255 0.06207438 0.06466575 0.07496879 0.075 0.075 0.075 0.075 0.075 0.075 0.06251148 0.05174013 0.05642333 0.05430028 0.04849311 0.044809 0.04693205 0.06569605 0.075 0.075 0.075 0.075 0.075 0.075 0.075 0.075 0.075 0.075 0.075 0.075 0.075 0.075 0.075 0.075 0.075 0.075 0.075 0.075 0.075 0.075 0.075 0.075 0.075 0.075 0.075 0.075 0.075 0.075 0.05330854 0.06628191 0.07272085 0.05839027 0.0500854 0.04532727 
0.04302939 0.0418742 0.05860882 0.06775666 0.06235537 0.0710349 0.075 0.075 0.075 0.075 0.07459413 0.075 0.04327916 0.04134344 0.05083471 0.05935813 0.06791276 0.07418825 0.075 0.075 0.075 0.075 0.075 0.075 0.075 0.075 0.075 0.075 0.075 0.075 0.075 0.075 0.075 0.075 0.075 0.075 0.075 0.075 0.075 0.075 0.075 0.075 0.075 0.075 0.075 0.075 0.075 0.075 0.075 0.075 0.075 0.06376033 0.04259229 0.05417539 0.04224885 0.041 
0.05895225 0.04789991 0.07037925 0.04958586 0.04924243 0.07478146 0.075 0.07403214 0.07465657 0.07072268 0.04124977 0.04412213 0.041 0.05817172 0.075 0.075 0.075 0.075 0.075 0.075 0.075 0.075 0.075 0.075 0.075 0.075 0.075 0.075 0.075 0.075 0.075 0.075 0.075 0.075 0.075 0.075 0.075 0.075 0.075 0.075 0.075 0.075 0.075 0.075 0.075 0.075 0.075 0.075 0.075 0.075 0.0716281 0.04705694 0.041 0.05632966 0.04434068 0.04306061 
0.06447842 0.0477438 0.04846189 0.041 0.04833701 0.07496879 0.06404132 0.04178054 0.05548669 0.05067861 0.04384114 0.06550872 0.07022315 0.07487512 0.075 0.075 0.075 0.075 0.075 0.075 0.075 0.075 0.075 0.075 0.075 0.075 0.075 0.075 0.075 0.075 0.075 0.075 0.075 0.075 0.075 0.075 0.075 0.075 0.075 0.075 0.075 0.075 0.075 0.075 0.075 0.075 0.075 0.075 0.075 0.075 0.07009826 0.07228375 0.07109734 0.04902388 0.0659146 0.05604243 
0.07462535 0.05308264 0.04496511 0.05083471 0.05227089 0.07468779 0.06522773 0.04056474 0.04123875 0.041 0.06710101 0.06853719 0.07197154 0.075 0.075 0.075 0.075 0.075 0.07078513 0.07356382 0.075 0.07375115 0.05270432 0.05564279 0.06210744 0.075 0.075 0.075 0.075 0.075 0.075 0.075 0.075 0.075 0.075 0.075 0.075 0.075 0.075 0.075 0.07281451 0.06878696 0.0739697 0.075 0.075 0.075 0.075 0.075 0.075 0.075 0.075 0.075 0.07418825 0.07091001 0.07468779 0.07005455 
0.075 0.0672259 0.05951424 0.075 0.05380074 0.05910836 0.04496511 0.041 0.04549587 0.04849311 0.04118733 0.05124059 0.0748439 0.075 0.075 0.075 0.075 0.06653903 0.06269881 0.07455923 0.06284206 0.04205234 0.035 0.035 0.03503673 0.06533977 0.075 0.075 0.075 0.075 0.075 0.075 0.075 0.075 0.075 0.075 0.075 0.075 0.075 0.0697236 0.07262719 0.07493756 0.075 0.075 0.075 0.075 0.075 0.075 0.075 0.075 0.075 0.075 0.075 0.0745225 0.06636272 0.05307879 
0.075 0.075 0.075 0.07044169 0.04487144 0.041 0.041 0.05479982 0.07290818 0.06463453 0.06251148 0.07453168 0.06500918 0.05564279 0.06216805 0.05945179 0.04839945 0.0505225 0.05949771 0.04190542 0.035 0.03764463 0.04609274 0.03569789 0.035 0.0487741 0.07224518 0.075 0.075 0.075 0.075 0.075 0.075 0.075 0.075 0.075 0.075 0.07281451 0.07340772 0.07468779 0.075 0.075 0.075 0.075 0.075 0.075 0.075 0.07496879 0.07300184 0.07356382 0.0697236 0.06599725 0.06695592 0.04289715 0.035 0.035 
0.075 0.075 0.07231497 0.05255188 0.041 0.041 0.041 0.05405051 0.0691304 0.0744068 0.075 0.07400092 0.04811846 0.04237374 0.06207438 0.06747567 0.0566731 0.07278329 0.06548668 0.06265841 0.07147383 0.075 0.05711203 0.03511019 0.035 0.035 0.05380625 0.075 0.075 0.075 0.075 0.075 0.075 0.075 0.075 0.075 0.07128467 0.06126263 0.075 0.075 0.075 0.075 0.075 0.075 0.075 0.07069147 0.06944261 0.07253352 0.07496879 0.06388522 0.07303306 0.04657025 0.03900367 0.035 0.035 0.035 
0.075 0.075 0.07487512 0.0452461 0.041 0.041 0.04580808 0.06788155 0.06582094 0.06519651 0.05539302 0.04911754 0.04402847 0.05439394 0.05145914 0.04902388 0.05205235 0.05598623 0.04622681 0.06007438 0.06471534 0.05171258 0.03617539 0.04594582 0.0462764 0.05854454 0.07103306 0.075 0.075 0.075 0.075 0.075 0.075 0.075 0.07490634 0.06838109 0.0725023 0.075 0.075 0.07114325 0.075 0.075 0.075 0.075 0.0730955 0.07443802 0.075 0.075 0.075 0.06379706 0.04785216 0.03634803 0.035 0.035 0.035 0.035 
0.075 0.075 0.075 0.05714142 0.041 0.041 0.06316712 0.06638292 0.04939853 0.04462167 0.04999174 0.041 0.04271717 0.04128099 0.041 0.06522773 0.05024151 0.041 0.04054821 0.04079615 0.04466942 0.06886593 0.06842516 0.075 0.075 0.075 0.075 0.075 0.075 0.075 0.075 0.075 0.075 0.07159688 0.0648843 0.0741258 0.075 0.075 0.07495593 0.07332508 0.075 0.075 0.075 0.075 0.075 0.075 0.075 0.075 0.06214417 0.03591827 0.03609642 0.03506061 0.035 0.035 0.035 0.03592727 
0.075 0.075 0.07456291 0.07468779 0.04390358 0.041 0.05607989 0.0418742 0.05558035 0.04265473 0.04523141 0.04369973 0.05508081 0.0585776 0.06938017 0.07437558 0.06888063 0.05495593 0.05988889 0.06045087 0.0625427 0.075 0.075 0.075 0.075 0.075 0.075 0.075 0.075 0.075 0.07478146 0.07322039 0.06647658 0.06541506 0.07487512 0.075 0.075 0.075 0.075 0.075 0.075 0.075 0.075 0.075 0.075 0.075 0.075 0.07430211 0.06904959 0.03514693 0.03565014 0.035 0.035 0.035 0.03509917 0.03640909 
