10_cm/2014-01-01T11-00-00_SM.asc
ncols           56
nrows           42
xllcorner      512874.53
yllcorner     4576856.50
cellsize           990.0
NODATA_value  -0.9999900E+04
[rows 0 to 21 of 42, columns 0 to 48 of 56]
-0.9999900E+04 -0.9999900E+04 -0.9999900E+04 -0.9999900E+04 -0.9999900E+04 -0.9999900E+04 -0.9999900E+04 -0.9999900E+04 -0.9999900E+04 -0.9999900E+04 -0.9999900E+04 -0.9999900E+04 -0.9999900E+04 -0.9999900E+04 -0.9999900E+04 -0.9999900E+04 -0.9999900E+04 -0.9999900E+04 -0.9999900E+04 -0.9999900E+04 -0.9999900E+04 -0.9999900E+04 -0.9999900E+04 -0.9999900E+04 -0.9999900E+04 -0.9999900E+04 -0.9999900E+04 -0.9999900E+04 0.3077084E+00 0.0000000E+00 -0.9999900E+04 -0.9999900E+04 -0.9999900E+04 -0.9999900E+04 -0.9999900E+04 -0.9999900E+04 -0.9999900E+04 -0.9999900E+04 -0.9999900E+04 -0.9999900E+04 -0.9999900E+04 -0.9999900E+04 -0.9999900E+04 -0.9999900E+04 -0.9999900E+04 -0.9999900E+04 -0.9999900E+04 -0.9999900E+04 -0.9999900E+04
-0.9999900E+04 -0.9999900E+04 -0.9999900E+04 -0.9999900E+04 -0.9999900E+04 -0.9999900E+04 -0.9999900E+04 -0.9999900E+04 -0.9999900E+04 -0.9999900E+04 -0.9999900E+04 -0.9999900E+04 -0.9999900E+04 -0.9999900E+04 -0.9999900E+04 -0.9999900E+04 -0.9999900E+04 -0.9999900E+04 -0.9999900E+04 -0.9999900E+04 -0.9999900E+04 -0.9999900E+04 -0.9999900E+04 -0.9999900E+04 -0.9999900E+04 -0.9999900E+04 0.3075693E+00 0.3077324E+00 0.3077275E+00 0.2908950E+00 0.3017729E+00 -0.9999900E+04 -0.9999900E+04 -0.9999900E+04 -0.9999900E+04 -0.9999900E+04 -0.9999900E+04 -0.9999900E+04 -0.9999900E+04 -0.9999900E+04 -0.9999900E+04 -0.9999900E+04 -0.9999900E+04 -0.9999900E+04 -0.9999900E+04 -0.9999900E+04 -0.9999900E+04 -0.9999900E+04 -0.9999900E+04
-0.9999900E+04 -0.9999900E+04 -0.9999900E+04 -0.9999900E+04 -0.9999900E+04 -0.9999900E+04 -0.9999900E+04 -0.9999900E+04 -0.9999900E+04 0.0000000E+00 -0.9999900E+04 -0.9999900E+04 -0.9999900E+04 -0.9999900E+04 -0.9999900E+04 -0.9999900E+04 -0.9999900E+04 -0.9999900E+04 -0.9999900E+04 -0.9999900E+04 -0.9999900E+04 -0.9999900E+04 -0.9999900E+04 -0.9999900E+04 -0.9999900E+04 -0.9999900E+04 0.3077441E+00 0.3077474E+00 0.3077226E+00 0.3053264E+00 0.2773418E+00 -0.9999900E+04 -0.9999900E+04 -0.9999900E+04 -0.9999900E+04 -0.9999900E+04 -0.9999900E+04 -0.9999900E+04 -0.9999900E+04 -0.9999900E+04 -0.9999900E+04 -0.9999900E+04 -0.9999900E+04 -0.9999900E+04 -0.9999900E+04 -0.9999900E+04 -0.9999900E+04 -0.9999900E+04 -0.9999900E+04
-0.9999900E+04 -0.9999900E+04 -0.9999900E+04 0.0000000E+00 0.2625058E+00 0.2624609E+00 0.2580621E+00 -0.9999900E+04 -0.9999900E+04 0.3069914E+00 0.2965538E+00 0.2171178E+00 -0.9999900E+04 -0.9999900E+04 -0.9999900E+04 -0.9999900E+04 -0.9999900E+04 -0.9999900E+04 -0.9999900E+04 -0.9999900E+04 -0.9999900E+04 -0.9999900E+04 -0.9999900E+04 -0.9999900E+04 -0.9999900E+04 -0.9999900E+04 0.3077515E+00 0.3077534E+00 0.3077472E+00 0.3077177E+00 0.3027446E+00 0.0000000E+00 -0.9999900E+04 -0.9999900E+04 -0.9999900E+04 -0.9999900E+04 -0.9999900E+04 -0.9999900E+04 -0.9999900E+04 -0.9999900E+04 -0.9999900E+04 -0.9999900E+04 -0.9999900E+04 -0.9999900E+04 -0.9999900E+04 -0.9999900E+04 -0.9999900E+04 -0.9999900E+04 -0.9999900E+04
-0.9999900E+04 -0.9999900E+04 0.2745129E+00 0.2646326E+00 0.2691248E+00 0.2623152E+00 0.2620211E+00 -0.9999900E+04 -0.9999900E+04 0.3074087E+00 0.3077023E+00 0.2997732E+00 0.2478933E+00 -0.9999900E+04 -0.9999900E+04 -0.9999900E+04 -0.9999900E+04 -0.9999900E+04 -0.9999900E+04 -0.9999900E+04 -0.9999900E+04 -0.9999900E+04 -0.9999900E+04 -0.9999900E+04 -0.9999900E+04 -0.9999900E+04 0.3000119E+00 0.3077522E+00 0.3077552E+00 0.3077435E+00 0.3013571E+00 0.2750818E+00 0.2678312E+00 -0.9999900E+04 -0.9999900E+04 -0.9999900E+04 -0.9999900E+04 -0.9999900E+04 -0.9999900E+04 -0.9999900E+04 -0.9999900E+04 -0.9999900E+04 -0.9999900E+04 -0.9999900E+04 -0.9999900E+04 -0.9999900E+04 -0.9999900E+04 -0.9999900E+04 -0.9999900E+04
-0.9999900E+04 0.2931652E+00 0.3046939E+00 0.2955947E+00 0.2620941E+00 -0.9999900E+04 -0.9999900E+04 -0.9999900E+04 0.2931344E+00 0.3077323E+00 0.3077461E+00 0.3077444E+00 0.3077431E+00 0.3047310E+00 -0.9999900E+04 -0.9999900E+04 -0.9999900E+04 -0.9999900E+04 -0.9999900E+04 -0.9999900E+04 -0.9999900E+04 -0.9999900E+04 -0.9999900E+04 -0.9999900E+04 0.2113294E+00 0.2113297E+00 0.2689991E+00 0.3077514E+00 0.3077510E+00 0.3077501E+00 0.3076262E+00 0.3074768E+00 0.2968339E+00 0.0000000E+00 0.3011637E+00 -0.9999900E+04 -0.9999900E+04 -0.9999900E+04 -0.9999900E+04 -0.9999900E+04 -0.9999900E+04 -0.9999900E+04 -0.9999900E+04 -0.9999900E+04 -0.9999900E+04 -0.9999900E+04 -0.9999900E+04 -0.9999900E+04 -0.9999900E+04
0.2972719E+00 0.3044199E+00 0.3072834E+00 0.3043417E+00 0.2621539E+00 0.2624735E+00 -0.9999900E+04 0.2625079E+00 0.2687888E+00 0.3077454E+00 0.3077444E+00 0.3077424E+00 0.3077417E+00 0.2661488E+00 0.2362567E+00 0.2587025E+00 -0.9999900E+04 -0.9999900E+04 -0.9999900E+04 -0.9999900E+04 -0.9999900E+04 -0.9999900E+04 -0.9999900E+04 0.2113318E+00 0.2113353E+00 0.2332623E+00 0.3010811E+00 0.3077485E+00 0.3077464E+00 0.3077469E+00 0.3077465E+00 0.3077343E+00 0.3077080E+00 0.2882394E+00 0.2624545E+00 0.0000000E+00 0.2898707E+00 -0.9999900E+04 -0.9999900E+04 -0.9999900E+04 -0.9999900E+04 -0.9999900E+04 -0.9999900E+04 -0.9999900E+04 -0.9999900E+04 -0.9999900E+04 -0.9999900E+04 -0.9999900E+04 -0.9999900E+04
0.3069105E+00 0.3077192E+00 0.3071862E+00 0.2738537E+00 0.2626380E+00 0.2630683E+00 0.2736572E+00 0.2625119E+00 0.2642337E+00 0.3059463E+00 0.3077432E+00 0.3077430E+00 0.3077462E+00 0.2469182E+00 0.2113331E+00 0.2113020E+00 -0.9999900E+04 -0.9999900E+04 -0.9999900E+04 -0.9999900E+04 -0.9999900E+04 -0.9999900E+04 0.2113324E+00 0.2113363E+00 0.2113366E+00 0.2194821E+00 0.2734803E+00 0.3066108E+00 0.3077494E+00 0.3077478E+00 0.3065513E+00 0.2997867E+00 0.2960266E+00 0.2793019E+00 0.2701607E+00 0.2676686E+00 0.2739867E+00 0.2835565E+00 -0.9999900E+04 -0.9999900E+04 -0.9999900E+04 -0.9999900E+04 -0.9999900E+04 -0.9999900E+04 -0.9999900E+04 -0.9999900E+04 -0.9999900E+04 -0.9999900E+04 -0.9999900E+04
-0.9999900E+04 0.3077399E+00 0.3029760E+00 0.2647890E+00 0.2752076E+00 0.2786000E+00 0.2815453E+00 0.2955064E+00 0.3001690E+00 0.3072799E+00 0.3077471E+00 0.3077460E+00 0.3077483E+00 0.3054570E+00 0.2886067E+00 0.2956070E+00 0.3067007E+00 0.3028654E+00 0.2648372E+00 -0.9999900E+04 -0.9999900E+04 0.2113346E+00 0.2113361E+00 0.2113363E+00 0.2113367E+00 0.2113369E+00 0.2187433E+00 0.3051299E+00 0.3059824E+00 0.2950438E+00 0.2925792E+00 0.3010978E+00 0.2723425E+00 0.3041319E+00 0.3050660E+00 0.2997202E+00 0.3066338E+00 0.2784491E+00 0.0000000E+00 -0.9999900E+04 -0.9999900E+04 -0.9999900E+04 -0.9999900E+04 -0.9999900E+04 -0.9999900E+04 -0.9999900E+04 -0.9999900E+04 -0.9999900E+04 -0.9999900E+04
-0.9999900E+04 -0.9999900E+04 0.2845963E+00 0.2928562E+00 0.2918801E+00 0.2978373E+00 0.3057404E+00 0.2858080E+00 0.2970279E+00 0.2776078E+00 0.2969171E+00 0.3077448E+00 0.3077465E+00 0.3077482E+00 0.3077145E+00 0.3072884E+00 0.3073540E+00 0.3076140E+00 0.3075981E+00 -0.9999900E+04 -0.9999900E+04 0.2113356E+00 0.2113362E+00 0.2113363E+00 0.2299243E+00 0.2782769E+00 0.3038822E+00 0.3038462E+00 0.2715594E+00 0.2716021E+00 0.3033974E+00 0.2905988E+00 0.3021940E+00 0.3077436E+00 0.3077434E+00 0.3077080E+00 0.3076932E+00 0.3069886E+00 0.2748154E+00 0.0000000E+00 0.0000000E+00 -0.9999900E+04 -0.9999900E+04 -0.9999900E+04 -0.9999900E+04 -0.9999900E+04 -0.9999900E+04 -0.9999900E+04 -0.9999900E+04
-0.9999900E+04 0.2717459E+00 0.3036748E+00 0.3076587E+00 0.2951154E+00 0.2902142E+00 0.2915926E+00 0.2813601E+00 0.2953497E+00 0.2764141E+00 0.3075807E+00 0.3077443E+00 0.3071591E+00 0.3076466E+00 0.3072395E+00 0.3070234E+00 0.3075747E+00 0.3077542E+00 0.3077550E+00 0.3050228E+00 0.2241490E+00 0.2113355E+00 0.2113363E+00 0.2867892E+00 0.3077558E+00 0.3077559E+00 0.3077560E+00 0.3028946E+00 0.2732288E+00 0.3015735E+00 0.3057182E+00 0.3073377E+00 0.3077455E+00 0.3077444E+00 0.3077471E+00 0.3077385E+00 0.3076886E+00 0.3076751E+00 0.3024054E+00 0.2624310E+00 0.2651075E+00 0.2895404E+00 -0.9999900E+04 -0.9999900E+04 -0.9999900E+04 -0.9999900E+04 -0.9999900E+04 -0.9999900E+04 -0.9999900E+04
-0.9999900E+04 0.2950352E+00 0.3008177E+00 0.2933778E+00 0.2919577E+00 0.2936158E+00 0.2973588E+00 0.2906361E+00 0.2872619E+00 0.2958931E+00 0.2914294E+00 0.2959076E+00 0.2956523E+00 0.3071454E+00 0.3068758E+00 0.3072532E+00 0.3077382E+00 0.3077551E+00 0.3077548E+00 0.3077545E+00 0.2931125E+00 0.2372285E+00 0.2122416E+00 0.2283061E+00 0.3077557E+00 0.3077557E+00 0.3077557E+00 0.3077557E+00 0.3077560E+00 0.3077543E+00 0.3077485E+00 0.3077481E+00 0.3077491E+00 0.3077440E+00 0.3077464E+00 0.3077507E+00 0.3059884E+00 0.2930974E+00 0.2925712E+00 0.2660023E+00 0.2700428E+00 0.2684444E+00 0.2652807E+00 0.2985946E+00 -0.9999900E+04 -0.9999900E+04 -0.9999900E+04 -0.9999900E+04 -0.9999900E+04
-0.9999900E+04 -0.9999900E+04 0.3044416E+00 0.3030984E+00 0.3047540E+00 0.3077421E+00 0.3077445E+00 0.3077455E+00 0.2810856E+00 0.2817248E+00 0.2981258E+00 -0.9999900E+04 0.3068882E+00 0.3069868E+00 0.3070132E+00 0.3076818E+00 0.3077540E+00 0.3077546E+00 0.3077547E+00 0.3077545E+00 0.3077547E+00 0.3077550E+00 0.2977767E+00 0.2994744E+00 0.3065703E+00 0.3072227E+00 0.3077553E+00 0.3077553E+00 0.3077554E+00 0.3077558E+00 0.3077519E+00 0.3077511E+00 0.3077528E+00 0.3077464E+00 0.3077434E+00 0.2981043E+00 0.2979191E+00 0.2729604E+00 0.2661788E+00 0.2958111E+00 0.3069710E+00 0.3044154E+00 0.2746947E+00 0.2617917E+00 0.2619471E+00 0.2716322E+00 0.2861986E+00 -0.9999900E+04 -0.9999900E+04
-0.9999900E+04 -0.9999900E+04 -0.9999900E+04 0.2867709E+00 0.3076310E+00 0.3077427E+00 0.3077460E+00 0.3029793E+00 0.2628649E+00 0.2885109E+00 0.3072031E+00 0.3068678E+00 0.3069707E+00 0.3069393E+00 0.3074843E+00 0.3077478E+00 0.3077530E+00 0.3077542E+00 0.3077546E+00 0.3077546E+00 0.3077549E+00 0.3077551E+00 0.3073207E+00 0.2664487E+00 0.2157056E+00 0.2909039E+00 0.3077550E+00 0.3077550E+00 0.3077550E+00 0.3077550E+00 0.3077557E+00 0.3077548E+00 0.3077504E+00 0.3077487E+00 0.3077467E+00 0.2932275E+00 0.2637252E+00 0.2654315E+00 0.2926606E+00 0.3071258E+00 0.3070650E+00 0.3069342E+00 0.3026028E+00 0.2860312E+00 0.2623483E+00 0.2622003E+00 0.2619874E+00 0.2681074E+00 -0.9999900E+04
-0.9999900E+04 -0.9999900E+04 -0.9999900E+04 0.3073495E+00 0.3069689E+00 0.3077430E+00 0.3076588E+00 0.2871673E+00 0.2857314E+00 0.3067391E+00 0.3070497E+00 0.3054558E+00 0.2941591E+00 0.2905444E+00 0.2925147E+00 0.3064386E+00 0.3077531E+00 0.3077533E+00 0.3077538E+00 0.3077543E+00 0.3077547E+00 0.3046299E+00 0.2433777E+00 0.2113357E+00 0.2113356E+00 0.2148813E+00 0.3053527E+00 0.3077545E+00 0.3077545E+00 0.3077546E+00 0.3077549E+00 0.3077554E+00 0.3077501E+00 0.3077481E+00 0.2854995E+00 0.2661969E+00 0.2668929E+00 0.2994139E+00 0.3073010E+00 0.3071605E+00 0.3021314E+00 0.2857182E+00 0.2769105E+00 0.2921659E+00 0.2981381E+00 0.2966773E+00 0.2870449E+00 0.2650648E+00 0.0000000E+00
-0.9999900E+04 -0.9999900E+04 -0.9999900E+04 -0.9999900E+04 0.2981668E+00 0.3077409E+00 0.3077362E+00 0.3076796E+00 0.3072238E+00 0.3070227E+00 0.3013087E+00 0.2709338E+00 0.2807060E+00 0.2954671E+00 0.2931343E+00 0.2564263E+00 0.2876841E+00 0.3077540E+00 0.3077537E+00 0.3077542E+00 0.3054617E+00 0.2306869E+00 0.2113357E+00 0.2113356E+00 0.2113354E+00 0.2259376E+00 0.3077543E+00 0.3077541E+00 0.3077540E+00 0.3070948E+00 0.3035294E+00 0.2841942E+00 0.2805664E+00 0.2799069E+00 0.2656370E+00 0.2840577E+00 0.3060369E+00 0.3014255E+00 0.2899882E+00 0.2729275E+00 0.2750980E+00 0.2739722E+00 0.2554405E+00 0.2753589E+00 0.2682838E+00 0.2350244E+00 0.2181681E+00 0.2759409E+00 0.0000000E+00
-0.9999900E+04 -0.9999900E+04 -0.9999900E+04 -0.9999900E+04 -0.9999900E+04 -0.9999900E+04 -0.9999900E+04 0.2980873E+00 0.2929999E+00 0.2973320E+00 0.2889200E+00 0.3029634E+00 -0.9999900E+04 0.3076257E+00 0.3076055E+00 0.3021579E+00 0.2616024E+00 0.2553425E+00 0.2769464E+00 0.3077541E+00 0.2881842E+00 0.2113353E+00 0.2113354E+00 0.2113354E+00 0.2215289E+00 0.2872266E+00 0.2973357E+00 0.2784711E+00 0.2673039E+00 0.2629199E+00 0.2729201E+00 0.2722327E+00 0.2763630E+00 0.2925247E+00 0.2933884E+00 0.2953548E+00 0.2875743E+00 0.2773660E+00 0.2742912E+00 0.2596059E+00 0.2140438E+00 0.2111368E+00 0.2111038E+00 0.2110497E+00 0.2109898E+00 0.2109609E+00 0.2109290E+00 0.2630159E+00 0.2734329E+00
-0.9999900E+04 -0.9999900E+04 -0.9999900E+04 -0.9999900E+04 -0.9999900E+04 -0.9999900E+04 -0.9999900E+04 -0.9999900E+04 -0.9999900E+04 -0.9999900E+04 0.3063210E+00 0.3072753E+00 0.3077244E+00 0.3076803E+00 0.3076855E+00 0.3077369E+00 0.3077520E+00 0.3077526E+00 0.3050209E+00 0.3077535E+00 0.3077536E+00 0.2509750E+00 0.2344232E+00 0.2987757E+00 0.3077545E+00 0.3004551E+00 0.2749260E+00 0.2766621E+00 0.2785183E+00 0.2842522E+00 0.3077515E+00 0.3077063E+00 0.3047258E+00 0.2931683E+00 0.3039766E+00 0.2918753E+00 0.2878912E+00 0.2669163E+00 0.2116993E+00 0.2111723E+00 0.2111644E+00 0.2111525E+00 0.2111268E+00 0.2110521E+00 0.2109886E+00 0.2109958E+00 0.2109759E+00 0.2109742E+00 0.2382917E+00
-0.9999900E+04 -0.9999900E+04 -0.9999900E+04 -0.9999900E+04 -0.9999900E+04 -0.9999900E+04 -0.9999900E+04 -0.9999900E+04 -0.9999900E+04 -0.9999900E+04 0.3071888E+00 0.3077293E+00 0.3077470E+00 0.3077504E+00 0.3077516E+00 0.3077526E+00 0.3077529E+00 0.3077536E+00 0.3077539E+00 0.3077536E+00 0.3077534E+00 0.3070227E+00 0.3074168E+00 0.3077539E+00 0.3077538E+00 0.3077520E+00 0.3077513E+00 0.3075367E+00 0.2738144E+00 0.3004878E+00 0.3077532E+00 0.3003460E+00 0.2848953E+00 0.3063142E+00 0.3075007E+00 0.2784090E+00 0.2659791E+00 0.2956345E+00 0.2438745E+00 0.2111789E+00 0.2163568E+00 0.2117623E+00 0.2110919E+00 0.2110422E+00 0.2109897E+00 0.2109662E+00 0.2109815E+00 0.2109683E+00 0.2109573E+00
-0.9999900E+04 -0.9999900E+04 -0.9999900E+04 -0.9999900E+04 -0.9999900E+04 -0.9999900E+04 -0.9999900E+04 -0.9999900E+04 -0.9999900E+04 -0.9999900E+04 -0.9999900E+04 0.3077428E+00 0.3077476E+00 0.3077508E+00 0.3077517E+00 0.3077522E+00 0.3077528E+00 0.3077534E+00 0.3077537E+00 0.3077540E+00 0.3077530E+00 0.3077537E+00 0.3077533E+00 0.3077531E+00 0.3077532E+00 0.3077538E+00 0.3077525E+00 0.3015092E+00 0.2860374E+00 0.3077486E+00 0.3026940E+00 0.3025670E+00 0.3071988E+00 0.3053929E+00 0.2786966E+00 0.2511256E+00 0.2214518E+00 0.3071960E+00 0.3049619E+00 0.2151687E+00 0.2120125E+00 0.2511680E+00 0.2597859E+00 0.2158605E+00 0.2109781E+00 -0.9999900E+04 -0.9999900E+04 -0.9999900E+04 0.2110685E+00
-0.9999900E+04 -0.9999900E+04 -0.9999900E+04 -0.9999900E+04 -0.9999900E+04 -0.9999900E+04 -0.9999900E+04 -0.9999900E+04 -0.9999900E+04 -0.9999900E+04 0.3077273E+00 0.3077399E+00 0.3077496E+00 0.3077510E+00 0.3077516E+00 0.3077520E+00 0.3077526E+00 0.3077531E+00 0.3020422E+00 0.3065203E+00 0.3077273E+00 0.3077503E+00 0.3077530E+00 0.3077526E+00 0.3077530E+00 0.3077534E+00 0.3077536E+00 0.3077532E+00 0.3077520E+00 0.3077453E+00 0.3077415E+00 0.3076928E+00 0.2919720E+00 0.2745865E+00 0.2363362E+00 0.2123350E+00 0.2131405E+00 0.2753292E+00 0.3070672E+00 0.3025309E+00 0.2885144E+00 0.3064085E+00 0.3071998E+00 0.2920888E+00 0.2588072E+00 0.2332970E+00 0.2110152E+00 0.2112249E+00 0.2111821E+00
-0.9999900E+04 -0.9999900E+04 -0.9999900E+04 -0.9999900E+04 -0.9999900E+04 -0.9999900E+04 -0.9999900E+04 -0.9999900E+04 -0.9999900E+04 -0.9999900E+04 0.3077217E+00 0.3077412E+00 0.3077502E+00 0.3077508E+00 0.3077514E+00 0.2996864E+00 0.2899756E+00 0.2883532E+00 0.3017421E+00 0.3077266E+00 0.3077213E+00 0.3077388E+00 0.3077498E+00 0.3077528E+00 0.3077530E+00 0.3077528E+00 0.3077527E+00 0.3077534E+00 0.3077538E+00 0.3077508E+00 0.3077480E+00 0.3027187E+00 0.2883910E+00 0.2745892E+00 0.2579801E+00 0.2113009E+00 0.2112590E+00 0.2421646E+00 0.3061672E+00 0.3061872E+00 0.2930535E+00 0.2873934E+00 0.2902132E+00 0.2979399E+00 0.2999033E+00 0.2976648E+00 0.2566970E+00 0.2136410E+00 0.2112725E+00
