10_cm/2014-01-02T11-00-00_SM.asc
ncols           56
nrows           42
xllcorner      512874.53
yllcorner     4576856.50
cellsize           990.0
NODATA_value  -0.9999900E+04
[rows 0 to 21 of 42, columns 0 to 48 of 56]
-0.9999900E+04 -0.9999900E+04 -0.9999900E+04 -0.9999900E+04 -0.9999900E+04 -0.9999900E+04 -0.9999900E+04 -0.9999900E+04 -0.9999900E+04 -0.9999900E+04 -0.9999900E+04 -0.9999900E+04 -0.9999900E+04 -0.9999900E+04 -0.9999900E+04 -0.9999900E+04 -0.9999900E+04 -0.9999900E+04 -0.9999900E+04 -0.9999900E+04 -0.9999900E+04 -0.9999900E+04 -0.9999900E+04 -0.9999900E+04 -0.9999900E+04 -0.9999900E+04 -0.9999900E+04 -0.9999900E+04 0.3025401E+00 0.0000000E+00 -0.9999900E+04 -0.9999900E+04 -0.9999900E+04 -0.9999900E+04 -0.9999900E+04 -0.9999900E+04 -0.9999900E+04 -0.9999900E+04 -0.9999900E+04 -0.9999900E+04 -0.9999900E+04 -0.9999900E+04 -0.9999900E+04 -0.9999900E+04 -0.9999900E+04 -0.9999900E+04 -0.9999900E+04 -0.9999900E+04 -0.9999900E+04
-0.9999900E+04 -0.9999900E+04 -0.9999900E+04 -0.9999900E+04 -0.9999900E+04 -0.9999900E+04 -0.9999900E+04 -0.9999900E+04 -0.9999900E+04 -0.9999900E+04 -0.9999900E+04 -0.9999900E+04 -0.9999900E+04 -0.9999900E+04 -0.9999900E+04 -0.9999900E+04 -0.9999900E+04 -0.9999900E+04 -0.9999900E+04 -0.9999900E+04 -0.9999900E+04 -0.9999900E+04 -0.9999900E+04 -0.9999900E+04 -0.9999900E+04 -0.9999900E+04 0.2995477E+00 0.3041261E+00 0.3039892E+00 0.2761113E+00 0.2910813E+00 -0.9999900E+04 -0.9999900E+04 -0.9999900E+04 -0.9999900E+04 -0.9999900E+04 -0.9999900E+04 -0.9999900E+04 -0.9999900E+04 -0.9999900E+04 -0.9999900E+04 -0.9999900E+04 -0.9999900E+04 -0.9999900E+04 -0.9999900E+04 -0.9999900E+04 -0.9999900E+04 -0.9999900E+04 -0.9999900E+04
-0.9999900E+04 -0.9999900E+04 -0.9999900E+04 -0.9999900E+04 -0.9999900E+04 -0.9999900E+04 -0.9999900E+04 -0.9999900E+04 -0.9999900E+04 0.0000000E+00 -0.9999900E+04 -0.9999900E+04 -0.9999900E+04 -0.9999900E+04 -0.9999900E+04 -0.9999900E+04 -0.9999900E+04 -0.9999900E+04 -0.9999900E+04 -0.9999900E+04 -0.9999900E+04 -0.9999900E+04 -0.9999900E+04 -0.9999900E+04 -0.9999900E+04 -0.9999900E+04 0.3046095E+00 0.3048021E+00 0.3037743E+00 0.2997172E+00 0.2560032E+00 -0.9999900E+04 -0.9999900E+04 -0.9999900E+04 -0.9999900E+04 -0.9999900E+04 -0.9999900E+04 -0.9999900E+04 -0.9999900E+04 -0.9999900E+04 -0.9999900E+04 -0.9999900E+04 -0.9999900E+04 -0.9999900E+04 -0.9999900E+04 -0.9999900E+04 -0.9999900E+04 -0.9999900E+04 -0.9999900E+04
-0.9999900E+04 -0.9999900E+04 -0.9999900E+04 0.0000000E+00 0.2386572E+00 0.2372096E+00 0.2304410E+00 -0.9999900E+04 -0.9999900E+04 0.2969398E+00 0.2799627E+00 0.1844011E+00 -0.9999900E+04 -0.9999900E+04 -0.9999900E+04 -0.9999900E+04 -0.9999900E+04 -0.9999900E+04 -0.9999900E+04 -0.9999900E+04 -0.9999900E+04 -0.9999900E+04 -0.9999900E+04 -0.9999900E+04 -0.9999900E+04 -0.9999900E+04 0.3049852E+00 0.3050823E+00 0.3048111E+00 0.3039091E+00 0.2948388E+00 0.0000000E+00 -0.9999900E+04 -0.9999900E+04 -0.9999900E+04 -0.9999900E+04 -0.9999900E+04 -0.9999900E+04 -0.9999900E+04 -0.9999900E+04 -0.9999900E+04 -0.9999900E+04 -0.9999900E+04 -0.9999900E+04 -0.9999900E+04 -0.9999900E+04 -0.9999900E+04 -0.9999900E+04 -0.9999900E+04
-0.9999900E+04 -0.9999900E+04 0.2526506E+00 0.2413954E+00 0.2462666E+00 0.2360123E+00 0.2322475E+00 -0.9999900E+04 -0.9999900E+04 0.2996229E+00 0.3043009E+00 0.2899095E+00 0.2206687E+00 -0.9999900E+04 -0.9999900E+04 -0.9999900E+04 -0.9999900E+04 -0.9999900E+04 -0.9999900E+04 -0.9999900E+04 -0.9999900E+04 -0.9999900E+04 -0.9999900E+04 -0.9999900E+04 -0.9999900E+04 -0.9999900E+04 0.2909884E+00 0.3050269E+00 0.3051757E+00 0.3046661E+00 0.2925486E+00 0.2528400E+00 0.2424480E+00 -0.9999900E+04 -0.9999900E+04 -0.9999900E+04 -0.9999900E+04 -0.9999900E+04 -0.9999900E+04 -0.9999900E+04 -0.9999900E+04 -0.9999900E+04 -0.9999900E+04 -0.9999900E+04 -0.9999900E+04 -0.9999900E+04 -0.9999900E+04 -0.9999900E+04 -0.9999900E+04
-0.9999900E+04 0.2770968E+00 0.2968850E+00 0.2822006E+00 0.2336074E+00 -0.9999900E+04 -0.9999900E+04 -0.9999900E+04 0.2796728E+00 0.3048306E+00 0.3051201E+00 0.3050904E+00 0.3050670E+00 0.2996776E+00 -0.9999900E+04 -0.9999900E+04 -0.9999900E+04 -0.9999900E+04 -0.9999900E+04 -0.9999900E+04 -0.9999900E+04 -0.9999900E+04 -0.9999900E+04 -0.9999900E+04 0.1814410E+00 0.1815593E+00 0.2461538E+00 0.3049960E+00 0.3049676E+00 0.3049226E+00 0.3041161E+00 0.3023587E+00 0.2848537E+00 0.0000000E+00 0.2888338E+00 -0.9999900E+04 -0.9999900E+04 -0.9999900E+04 -0.9999900E+04 -0.9999900E+04 -0.9999900E+04 -0.9999900E+04 -0.9999900E+04 -0.9999900E+04 -0.9999900E+04 -0.9999900E+04 -0.9999900E+04 -0.9999900E+04 -0.9999900E+04
0.2825828E+00 0.2964828E+00 0.2999332E+00 0.2950410E+00 0.2343927E+00 0.2375262E+00 -0.9999900E+04 0.2389476E+00 0.2471270E+00 0.3051277E+00 0.3050946E+00 0.3050673E+00 0.3050475E+00 0.2428403E+00 0.2085017E+00 0.2327548E+00 -0.9999900E+04 -0.9999900E+04 -0.9999900E+04 -0.9999900E+04 -0.9999900E+04 -0.9999900E+04 -0.9999900E+04 0.1817103E+00 0.1820691E+00 0.2050004E+00 0.2930111E+00 0.3048450E+00 0.3047481E+00 0.3047597E+00 0.3047419E+00 0.3042752E+00 0.3035023E+00 0.2721156E+00 0.2372226E+00 0.0000000E+00 0.2714210E+00 -0.9999900E+04 -0.9999900E+04 -0.9999900E+04 -0.9999900E+04 -0.9999900E+04 -0.9999900E+04 -0.9999900E+04 -0.9999900E+04 -0.9999900E+04 -0.9999900E+04 -0.9999900E+04 -0.9999900E+04
0.3030461E+00 0.3045180E+00 0.3034642E+00 0.2522424E+00 0.2382221E+00 0.2397729E+00 0.2534392E+00 0.2391797E+00 0.2413056E+00 0.3021408E+00 0.3050671E+00 0.3050613E+00 0.3051014E+00 0.2203384E+00 0.1820965E+00 0.1799261E+00 -0.9999900E+04 -0.9999900E+04 -0.9999900E+04 -0.9999900E+04 -0.9999900E+04 -0.9999900E+04 0.1818520E+00 0.1821970E+00 0.1822028E+00 0.1904561E+00 0.2517342E+00 0.3026388E+00 0.3048842E+00 0.3048023E+00 0.3026968E+00 0.2915850E+00 0.2846646E+00 0.2595769E+00 0.2470886E+00 0.2436173E+00 0.2515014E+00 0.2626866E+00 -0.9999900E+04 -0.9999900E+04 -0.9999900E+04 -0.9999900E+04 -0.9999900E+04 -0.9999900E+04 -0.9999900E+04 -0.9999900E+04 -0.9999900E+04 -0.9999900E+04 -0.9999900E+04
-0.9999900E+04 0.3049750E+00 0.2972155E+00 0.2419778E+00 0.2554971E+00 0.2601066E+00 0.2641908E+00 0.2849864E+00 0.2925561E+00 0.3043363E+00 0.3051124E+00 0.3050955E+00 0.3051181E+00 0.3010433E+00 0.2729171E+00 0.2803099E+00 0.2950667E+00 0.2906860E+00 0.2355989E+00 -0.9999900E+04 -0.9999900E+04 0.1820621E+00 0.1822001E+00 0.1822045E+00 0.1822079E+00 0.1822125E+00 0.1898174E+00 0.3003590E+00 0.3020785E+00 0.2838927E+00 0.2800733E+00 0.2937154E+00 0.2513983E+00 0.2981656E+00 0.2989516E+00 0.2903336E+00 0.3009526E+00 0.2579044E+00 0.0000000E+00 -0.9999900E+04 -0.9999900E+04 -0.9999900E+04 -0.9999900E+04 -0.9999900E+04 -0.9999900E+04 -0.9999900E+04 -0.9999900E+04 -0.9999900E+04 -0.9999900E+04
-0.9999900E+04 -0.9999900E+04 0.2685143E+00 0.2807927E+00 0.2793027E+00 0.2887039E+00 0.3018015E+00 0.2702683E+00 0.2874382E+00 0.2587627E+00 0.2872448E+00 0.3050750E+00 0.3051032E+00 0.3050759E+00 0.3045841E+00 0.3006912E+00 0.3003303E+00 0.3032986E+00 0.3019751E+00 -0.9999900E+04 -0.9999900E+04 0.1821808E+00 0.1822012E+00 0.1822046E+00 0.2017606E+00 0.2585585E+00 0.2983595E+00 0.2987477E+00 0.2505006E+00 0.2502695E+00 0.2976202E+00 0.2769828E+00 0.2952166E+00 0.3045815E+00 0.3047743E+00 0.3036150E+00 0.3034788E+00 0.3016579E+00 0.2529997E+00 0.0000000E+00 0.0000000E+00 -0.9999900E+04 -0.9999900E+04 -0.9999900E+04 -0.9999900E+04 -0.9999900E+04 -0.9999900E+04 -0.9999900E+04 -0.9999900E+04
-0.9999900E+04 0.2508976E+00 0.2983596E+00 0.3049244E+00 0.2843529E+00 0.2767521E+00 0.2788464E+00 0.2639282E+00 0.2847269E+00 0.2571417E+00 0.3048112E+00 0.3050812E+00 0.3038918E+00 0.3033010E+00 0.2990341E+00 0.2970552E+00 0.3024949E+00 0.3051885E+00 0.3052219E+00 0.3003802E+00 0.1955789E+00 0.1821829E+00 0.1822043E+00 0.2704672E+00 0.3052380E+00 0.3052388E+00 0.3052381E+00 0.2972087E+00 0.2528442E+00 0.2947052E+00 0.3015648E+00 0.3041581E+00 0.3047228E+00 0.3046373E+00 0.3047922E+00 0.3044761E+00 0.3030100E+00 0.3030629E+00 0.2943857E+00 0.2365725E+00 0.2370266E+00 0.2652125E+00 -0.9999900E+04 -0.9999900E+04 -0.9999900E+04 -0.9999900E+04 -0.9999900E+04 -0.9999900E+04 -0.9999900E+04
-0.9999900E+04 0.2841910E+00 0.2936037E+00 0.2816128E+00 0.2794014E+00 0.2818411E+00 0.2878595E+00 0.2772836E+00 0.2723594E+00 0.2856126E+00 0.2786210E+00 0.2852349E+00 0.2814057E+00 0.2994904E+00 0.2963933E+00 0.2988326E+00 0.3045173E+00 0.3052190E+00 0.3052056E+00 0.3051938E+00 0.2800461E+00 0.2096544E+00 0.1831406E+00 0.2000308E+00 0.3052348E+00 0.3052334E+00 0.3052311E+00 0.3052306E+00 0.3052438E+00 0.3051611E+00 0.3048608E+00 0.3048531E+00 0.3049059E+00 0.3046447E+00 0.3047622E+00 0.3049919E+00 0.3011507E+00 0.2795077E+00 0.2786984E+00 0.2384801E+00 0.2420511E+00 0.2395113E+00 0.2340606E+00 0.2766165E+00 -0.9999900E+04 -0.9999900E+04 -0.9999900E+04 -0.9999900E+04 -0.9999900E+04
-0.9999900E+04 -0.9999900E+04 0.2994421E+00 0.2973414E+00 0.3001220E+00 0.3050661E+00 0.3050900E+00 0.3050945E+00 0.2635599E+00 0.2644032E+00 0.2881151E+00 -0.9999900E+04 0.2955253E+00 0.2981115E+00 0.2978210E+00 0.3033476E+00 0.3052005E+00 0.3052042E+00 0.3052037E+00 0.3051981E+00 0.3052009E+00 0.3052140E+00 0.2876977E+00 0.2905952E+00 0.3031479E+00 0.3042935E+00 0.3052194E+00 0.3052182E+00 0.3052202E+00 0.3052371E+00 0.3050347E+00 0.3050039E+00 0.3050949E+00 0.3047637E+00 0.3046211E+00 0.2889455E+00 0.2885366E+00 0.2515889E+00 0.2417651E+00 0.2787724E+00 0.2961687E+00 0.2914312E+00 0.2476659E+00 0.2304623E+00 0.2298336E+00 0.2431289E+00 0.2602343E+00 -0.9999900E+04 -0.9999900E+04
-0.9999900E+04 -0.9999900E+04 -0.9999900E+04 0.2715518E+00 0.3048747E+00 0.3050683E+00 0.3051101E+00 0.2972172E+00 0.2395689E+00 0.2732122E+00 0.2969787E+00 0.2952451E+00 0.2971285E+00 0.2971271E+00 0.3018938E+00 0.3050446E+00 0.3051940E+00 0.3051982E+00 0.3052054E+00 0.3052029E+00 0.3052117E+00 0.3052234E+00 0.3044682E+00 0.2433188E+00 0.1867346E+00 0.2766119E+00 0.3052112E+00 0.3052096E+00 0.3052095E+00 0.3052075E+00 0.3052379E+00 0.3051895E+00 0.3049642E+00 0.3048782E+00 0.3047916E+00 0.2811863E+00 0.2403716E+00 0.2420530E+00 0.2767297E+00 0.2977607E+00 0.2973115E+00 0.2960800E+00 0.2887317E+00 0.2635784E+00 0.2312150E+00 0.2314430E+00 0.2320936E+00 0.2368774E+00 -0.9999900E+04
-0.9999900E+04 -0.9999900E+04 -0.9999900E+04 0.3041037E+00 0.3037807E+00 0.3050796E+00 0.3049402E+00 0.2721482E+00 0.2684271E+00 0.2980369E+00 0.2979384E+00 0.2950432E+00 0.2768426E+00 0.2728487E+00 0.2796616E+00 0.3028080E+00 0.3051966E+00 0.3051840E+00 0.3051907E+00 0.3051988E+00 0.3052114E+00 0.2996689E+00 0.2164508E+00 0.1821937E+00 0.1821881E+00 0.1858635E+00 0.3009470E+00 0.3051960E+00 0.3051951E+00 0.3051985E+00 0.3052085E+00 0.3052290E+00 0.3049631E+00 0.3048672E+00 0.2695441E+00 0.2435706E+00 0.2441540E+00 0.2889583E+00 0.2992714E+00 0.2980820E+00 0.2891939E+00 0.2639082E+00 0.2512532E+00 0.2719041E+00 0.2810246E+00 0.2776156E+00 0.2638276E+00 0.2359381E+00 0.0000000E+00
-0.9999900E+04 -0.9999900E+04 -0.9999900E+04 -0.9999900E+04 0.2891590E+00 0.3050816E+00 0.3050035E+00 0.3036501E+00 0.2982135E+00 0.2982640E+00 0.2878397E+00 0.2438242E+00 0.2571931E+00 0.2817246E+00 0.2808496E+00 0.2314187E+00 0.2718374E+00 0.3052021E+00 0.3051860E+00 0.3051990E+00 0.3011497E+00 0.2025679E+00 0.1821968E+00 0.1821921E+00 0.1821864E+00 0.1974737E+00 0.3051916E+00 0.3051836E+00 0.3051760E+00 0.3041092E+00 0.2981510E+00 0.2674916E+00 0.2622252E+00 0.2610519E+00 0.2425307E+00 0.2672345E+00 0.3006003E+00 0.2913146E+00 0.2709019E+00 0.2465742E+00 0.2498024E+00 0.2475636E+00 0.2243261E+00 0.2479718E+00 0.2388931E+00 0.1999746E+00 0.1813912E+00 0.2484359E+00 0.0000000E+00
-0.9999900E+04 -0.9999900E+04 -0.9999900E+04 -0.9999900E+04 -0.9999900E+04 -0.9999900E+04 -0.9999900E+04 0.2837615E+00 0.2749602E+00 0.2825030E+00 0.2673279E+00 0.2854093E+00 -0.9999900E+04 0.3027323E+00 0.3030893E+00 0.2949593E+00 0.2374436E+00 0.2300527E+00 0.2567458E+00 0.3051979E+00 0.2724779E+00 0.1821892E+00 0.1821904E+00 0.1821889E+00 0.1928249E+00 0.2710778E+00 0.2879920E+00 0.2599873E+00 0.2452456E+00 0.2397059E+00 0.2519000E+00 0.2489088E+00 0.2541839E+00 0.2778093E+00 0.2797623E+00 0.2826720E+00 0.2709309E+00 0.2558161E+00 0.2485427E+00 0.2299931E+00 0.1795939E+00 0.1763996E+00 0.1760593E+00 0.1754342E+00 0.1748233E+00 0.1745089E+00 0.1739830E+00 0.2319444E+00 0.2461795E+00
-0.9999900E+04 -0.9999900E+04 -0.9999900E+04 -0.9999900E+04 -0.9999900E+04 -0.9999900E+04 -0.9999900E+04 -0.9999900E+04 -0.9999900E+04 -0.9999900E+04 0.2902237E+00 0.2984786E+00 0.3044409E+00 0.3038317E+00 0.3038554E+00 0.3047158E+00 0.3051987E+00 0.3052003E+00 0.3003486E+00 0.3051858E+00 0.3051854E+00 0.2249959E+00 0.2065969E+00 0.2893718E+00 0.3052113E+00 0.2930805E+00 0.2550214E+00 0.2574981E+00 0.2600507E+00 0.2680971E+00 0.3050609E+00 0.3036518E+00 0.2964206E+00 0.2779576E+00 0.2954253E+00 0.2772435E+00 0.2714436E+00 0.2411262E+00 0.1769494E+00 0.1766497E+00 0.1766800E+00 0.1765479E+00 0.1761240E+00 0.1753191E+00 0.1745825E+00 0.1749007E+00 0.1741677E+00 0.1744900E+00 0.2039225E+00
-0.9999900E+04 -0.9999900E+04 -0.9999900E+04 -0.9999900E+04 -0.9999900E+04 -0.9999900E+04 -0.9999900E+04 -0.9999900E+04 -0.9999900E+04 -0.9999900E+04 0.2966576E+00 0.3047062E+00 0.3050669E+00 0.3051648E+00 0.3051865E+00 0.3052054E+00 0.3052008E+00 0.3052092E+00 0.3052087E+00 0.3051953E+00 0.3051832E+00 0.3039072E+00 0.3046053E+00 0.3051938E+00 0.3051915E+00 0.3051060E+00 0.3050654E+00 0.3048639E+00 0.2536907E+00 0.2930574E+00 0.3051510E+00 0.2926405E+00 0.2674334E+00 0.2982377E+00 0.3004822E+00 0.2584791E+00 0.2408436E+00 0.2800579E+00 0.2121773E+00 0.1767394E+00 0.1826847E+00 0.1773988E+00 0.1759198E+00 0.1753446E+00 0.1742242E+00 0.1734225E+00 0.1728231E+00 0.1726024E+00 0.1739300E+00
-0.9999900E+04 -0.9999900E+04 -0.9999900E+04 -0.9999900E+04 -0.9999900E+04 -0.9999900E+04 -0.9999900E+04 -0.9999900E+04 -0.9999900E+04 -0.9999900E+04 -0.9999900E+04 0.3049663E+00 0.3051216E+00 0.3051903E+00 0.3051915E+00 0.3051962E+00 0.3052032E+00 0.3052089E+00 0.3052098E+00 0.3052171E+00 0.3051772E+00 0.3052006E+00 0.3051900E+00 0.3051808E+00 0.3051794E+00 0.3051976E+00 0.3051345E+00 0.2947872E+00 0.2705797E+00 0.3049605E+00 0.2966454E+00 0.2965516E+00 0.3039656E+00 0.2987207E+00 0.2574766E+00 0.2231589E+00 0.1892266E+00 0.2980778E+00 0.2941140E+00 0.1806518E+00 0.1778016E+00 0.2208116E+00 0.2303324E+00 0.1803380E+00 0.1730571E+00 -0.9999900E+04 -0.9999900E+04 -0.9999900E+04 0.1744952E+00
-0.9999900E+04 -0.9999900E+04 -0.9999900E+04 -0.9999900E+04 -0.9999900E+04 -0.9999900E+04 -0.9999900E+04 -0.9999900E+04 -0.9999900E+04 -0.9999900E+04 0.3042775E+00 0.3049686E+00 0.3051758E+00 0.3051934E+00 0.3051970E+00 0.3051970E+00 0.3052038E+00 0.3052070E+00 0.2957395E+00 0.3028162E+00 0.3043903E+00 0.3050915E+00 0.3051892E+00 0.3051688E+00 0.3051761E+00 0.3051834E+00 0.3051931E+00 0.3051762E+00 0.3051163E+00 0.3048349E+00 0.3047885E+00 0.3048200E+00 0.2794407E+00 0.2545536E+00 0.2066131E+00 0.1794549E+00 0.1796273E+00 0.2493969E+00 0.2966983E+00 0.2887171E+00 0.2681548E+00 0.2976554E+00 0.2981604E+00 0.2725561E+00 0.2280359E+00 0.1974839E+00 0.1732869E+00 0.1761937E+00 0.1753302E+00
-0.9999900E+04 -0.9999900E+04 -0.9999900E+04 -0.9999900E+04 -0.9999900E+04 -0.9999900E+04 -0.9999900E+04 -0.9999900E+04 -0.9999900E+04 -0.9999900E+04 0.3041835E+00 0.3049863E+00 0.3051928E+00 0.3051958E+00 0.3052018E+00 0.2918447E+00 0.2764900E+00 0.2740419E+00 0.2952415E+00 0.3044257E+00 0.3042133E+00 0.3046491E+00 0.3050391E+00 0.3051758E+00 0.3051761E+00 0.3051675E+00 0.3051660E+00 0.3051943E+00 0.3052070E+00 0.3050657E+00 0.3049486E+00 0.2964937E+00 0.2738602E+00 0.2546696E+00 0.2329564E+00 0.1801448E+00 0.1778738E+00 0.2106041E+00 0.2947845E+00 0.2948869E+00 0.2755991E+00 0.2678165E+00 0.2717171E+00 0.2822641E+00 0.2860330E+00 0.2826245E+00 0.2268655E+00 0.1797009E+00 0.1785631E+00
